100.201   6332.64
100.602   6312.38
101.006   6292.19
101.411   6272.06
101.818   6252
102.226   6232
102.636   6212.07
103.048   6192.2
103.461   6172.39
103.876   6152.64
104.293   6132.96
104.711   6113.35
105.132   6093.79
105.553   6074.3
105.977   6054.87
106.402   6035.5
106.828   6016.19
107.257   5996.95
107.687   5977.76
108.119   5958.64
108.553   5939.58
108.988   5920.58
109.425   5901.64
109.864   5882.76
110.305   5863.94
110.748   5845.19
111.192   5826.49
111.638   5807.85
112.086   5789.27
112.535   5770.75
112.987   5752.29
113.44   5733.89
113.895   5715.55
114.352   5697.26
114.81   5679.04
115.271   5660.87
115.733   5642.76
116.198   5624.71
116.664   5606.72
117.132   5588.78
117.601   5570.9
118.073   5553.08
118.547   5535.32
119.022   5517.61
119.5   5499.96
119.979   5482.37
120.46   5464.83
120.943   5447.35
121.429   5429.92
121.916   5412.55
122.405   5395.23
122.896   5377.97
123.389   5360.77
123.884   5343.62
124.381   5326.53
124.879   5309.49
125.38   5292.5
125.883   5275.57
126.388   5258.69
126.895   5241.87
127.404   5225.1
127.915   5208.38
128.428   5191.72
128.944   5175.11
129.461   5158.56
129.98   5142.05
130.501   5125.6
131.025   5109.21
131.55   5092.86
132.078   5076.57
132.608   5060.33
133.14   5044.14
133.674   5028
134.21   5011.91
134.748   4995.88
135.289   4979.9
135.832   4963.97
136.376   4948.08
136.923   4932.25
137.473   4916.47
138.024   4900.75
138.578   4885.07
139.134   4869.44
139.692   4853.86
140.252   4838.33
140.815   4822.85
141.379   4807.42
141.947   4792.04
142.516   4776.71
143.088   4761.43
143.662   4746.19
144.238   4731.01
144.816   4715.87
145.397   4700.79
145.981   4685.75
146.566   4670.75
147.154   4655.81
147.744   4640.92
148.337   4626.07
148.932   4611.27
149.529   4596.51
150.129   4581.81
150.731   4567.15
151.336   4552.54
151.943   4537.97
152.552   4523.45
153.164   4508.98
153.779   4494.55
154.396   4480.17
155.015   4465.84
155.637   4451.55
156.261   4437.31
156.888   4423.11
157.517   4408.96
158.149   4394.85
158.783   4380.79
159.42   4366.77
160.06   4352.8
160.702   4338.87
161.346   4324.99
161.993   4311.15
162.643   4297.36
163.296   4283.61
163.951   4269.9
164.608   4256.24
165.269   4242.62
165.931   4229.05
166.597   4215.52
167.265   4202.03
167.936   4188.58
168.61   4175.18
169.286   4161.82
169.965   4148.51
170.647   4135.23
171.332   4122
172.019   4108.81
172.709   4095.67
173.402   4082.56
174.097   4069.5
174.795   4056.48
175.497   4043.5
176.201   4030.56
176.907   4017.66
177.617   4004.81
178.329   3991.99
179.045   3979.22
179.763   3966.48
180.484   3953.79
181.208   3941.14
181.935   3928.53
182.665   3915.96
183.397   3903.43
184.133   3890.94
184.871   3878.49
185.613   3866.08
186.358   3853.71
187.105   3841.37
187.856   3829.08
188.609   3816.83
189.366   3804.62
190.125   3792.44
190.888   3780.31
191.654   3768.21
192.422   3756.15
193.194   3744.13
193.969   3732.15
194.747   3720.21
195.528   3708.3
196.313   3696.44
197.1   3684.61
197.891   3672.82
198.685   3661.06
199.481   3649.35
200.282   3637.67
201.085   3626.03
201.892   3614.42
202.701   3602.86
203.515   3591.33
204.331   3579.84
205.15   3568.38
205.973   3556.96
206.8   3545.58
207.629   3534.23
208.462   3522.92
209.298   3511.65
210.138   3500.41
210.981   3489.21
211.827   3478.04
212.677   3466.91
213.53   3455.81
214.386   3444.75
215.246   3433.73
216.109   3422.74
216.976   3411.79
217.847   3400.87
218.72   3389.98
219.598   3379.14
220.479   3368.32
221.363   3357.54
222.251   3346.8
223.142   3336.09
224.038   3325.41
224.936   3314.77
225.838   3304.16
226.744   3293.58
227.654   3283.04
228.567   3272.53
229.484   3262.06
230.404   3251.62
231.329   3241.21
232.257   3230.84
233.188   3220.5
234.123   3210.19
235.063   3199.92
236.006   3189.68
236.952   3179.47
237.903   3169.29
238.857   3159.15
239.815   3149.04
240.777   3138.96
241.743   3128.91
242.712   3118.9
243.686   3108.91
244.663   3098.96
245.645   3089.04
246.63   3079.16
247.62   3069.3
248.613   3059.48
249.61   3049.69
250.611   3039.92
251.616   3030.19
252.626   3020.5
253.639   3010.83
254.657   3001.19
255.678   2991.58
256.704   2982.01
257.733   2972.46
258.767   2962.95
259.805   2953.46
260.847   2944.01
261.893   2934.59
262.944   2925.19
263.999   2915.83
265.058   2906.5
266.121   2897.19
267.188   2887.92
268.26   2878.68
269.336   2869.46
270.416   2860.28
271.501   2851.12
272.59   2841.99
273.684   2832.9
274.781   2823.83
275.884   2814.79
276.99   2805.78
278.101   2796.8
279.217   2787.84
280.337   2778.92
281.461   2770.02
282.59   2761.16
283.724   2752.32
284.862   2743.51
286.005   2734.72
287.152   2725.97
288.304   2717.24
289.46   2708.54
290.621   2699.87
291.787   2691.23
292.957   2682.62
294.132   2674.03
295.312   2665.47
296.497   2656.93
297.686   2648.43
298.88   2639.95
300.079   2631.5
301.283   2623.07
302.491   2614.68
303.705   2606.3
304.923   2597.96
306.146   2589.64
307.374   2581.35
308.607   2573.09
309.845   2564.85
311.088   2556.64
312.336   2548.45
313.588   2540.29
314.846   2532.16
316.109   2524.05
317.377   2515.97
318.65   2507.92
319.928   2499.89
321.212   2491.88
322.5   2483.91
323.794   2475.95
325.093   2468.03
326.397   2460.12
327.706   2452.25
329.02   2444.4
330.34   2436.57
331.665   2428.77
332.995   2420.99
334.331   2413.24
335.672   2405.51
337.019   2397.81
338.371   2390.13
339.728   2382.48
341.091   2374.85
342.459   2367.25
343.832   2359.67
345.212   2352.11
346.596   2344.58
347.987   2337.07
349.382   2329.59
350.784   2322.13
352.191   2314.69
353.604   2307.28
355.022   2299.89
356.446   2292.53
357.876   2285.19
359.311   2277.87
360.753   2270.58
362.2   2263.31
363.653   2256.06
365.111   2248.83
366.576   2241.63
368.046   2234.45
369.523   2227.3
371.005   2220.17
372.493   2213.06
373.987   2205.97
375.487   2198.9
376.993   2191.86
378.506   2184.84
380.024   2177.85
381.548   2170.87
383.079   2163.92
384.615   2156.99
386.158   2150.08
387.707   2143.2
389.262   2136.33
390.824   2129.49
392.391   2122.67
393.965   2115.87
395.545   2109.1
397.132   2102.34
398.725   2095.61
400.324   2088.9
401.93   2082.21
403.542   2075.54
405.161   2068.89
406.786   2062.26
408.418   2055.66
410.056   2049.07
411.701   2042.51
413.353   2035.97
415.011   2029.45
416.675   2022.95
418.347   2016.47
420.025   2010.01
421.71   2003.57
423.401   1997.15
425.099   1990.76
426.805   1984.38
428.517   1978.02
430.235   1971.69
431.961   1965.37
433.694   1959.08
435.434   1952.8
437.18   1946.55
438.934   1940.31
440.694   1934.1
442.462   1927.9
444.237   1921.72
446.019   1915.57
447.808   1909.43
449.604   1903.32
451.408   1897.22
453.218   1891.14
455.036   1885.08
456.862   1879.04
458.694   1873.02
460.534   1867.02
462.381   1861.04
464.236   1855.08
466.098   1849.14
467.968   1843.21
469.845   1837.31
471.73   1831.42
473.622   1825.56
475.522   1819.71
477.429   1813.88
479.344   1808.07
481.267   1802.27
483.197   1796.5
485.135   1790.74
487.081   1785.01
489.035   1779.29
490.997   1773.59
492.966   1767.9
494.944   1762.24
496.929   1756.59
498.922   1750.96
500.924   1745.35
502.933   1739.76
504.95   1734.19
506.976   1728.63
509.009   1723.09
511.051   1717.57
513.101   1712.07
515.159   1706.58
517.226   1701.11
519.3   1695.66
521.383   1690.23
523.475   1684.81
525.574   1679.41
527.683   1674.03
529.799   1668.67
531.924   1663.32
534.058   1657.99
536.2   1652.68
538.351   1647.38
540.511   1642.1
542.679   1636.84
544.855   1631.59
547.041   1626.37
549.235   1621.15
551.438   1615.96
553.65   1610.78
555.871   1605.62
558.101   1600.47
560.339   1595.34
562.587   1590.23
564.844   1585.13
567.109   1580.05
569.384   1574.99
571.668   1569.94
573.961   1564.91
576.264   1559.89
578.575   1554.89
580.896   1549.91
583.226   1544.94
585.565   1539.99
587.914   1535.05
590.272   1530.13
592.64   1525.23
595.017   1520.34
597.404   1515.47
599.8   1510.61
602.206   1505.77
604.622   1500.94
607.047   1496.13
609.482   1491.33
611.927   1486.55
614.381   1481.79
616.846   1477.04
619.32   1472.3
621.804   1467.58
624.299   1462.88
626.803   1458.19
629.317   1453.51
631.841   1448.85
634.376   1444.21
636.92   1439.58
639.475   1434.96
642.04   1430.36
644.616   1425.78
647.201   1421.21
649.797   1416.65
652.404   1412.11
655.021   1407.58
657.648   1403.07
660.286   1398.57
662.935   1394.09
665.594   1389.62
668.264   1385.16
670.944   1380.72
673.636   1376.29
676.338   1371.88
679.051   1367.48
681.774   1363.1
684.509   1358.73
687.255   1354.37
690.012   1350.03
692.779   1345.7
695.558   1341.38
698.348   1337.08
701.149   1332.79
703.962   1328.52
706.786   1324.26
709.621   1320.01
712.467   1315.78
715.325   1311.56
718.194   1307.35
721.075   1303.16
723.968   1298.98
726.872   1294.81
729.787   1290.66
732.714   1286.52
735.654   1282.4
738.604   1278.28
741.567   1274.18
744.542   1270.1
747.528   1266.02
750.527   1261.96
753.537   1257.92
756.56   1253.88
759.595   1249.86
762.641   1245.85
765.701   1241.85
768.772   1237.87
771.856   1233.9
774.952   1229.94
778.06   1226
781.181   1222.06
784.315   1218.14
787.461   1214.24
790.619   1210.34
793.791   1206.46
796.975   1202.59
800.172   1198.73
803.381   1194.88
806.604   1191.05
809.839   1187.23
813.088   1183.42
816.349   1179.62
819.624   1175.84
822.911   1172.07
826.212   1168.31
829.526   1164.56
832.854   1160.82
836.194   1157.1
839.549   1153.38
842.916   1149.68
846.297   1145.99
849.692   1142.32
853.1   1138.65
856.522   1135
859.958   1131.36
863.407   1127.73
866.871   1124.11
870.348   1120.5
873.839   1116.9
877.344   1113.32
880.863   1109.75
884.397   1106.19
887.944   1102.64
891.506   1099.1
895.082   1095.57
898.672   1092.05
902.277   1088.55
905.896   1085.06
909.53   1081.57
913.178   1078.1
916.841   1074.64
920.519   1071.19
924.211   1067.75
927.919   1064.33
931.641   1060.91
935.378   1057.5
939.13   1054.11
942.897   1050.73
946.679   1047.35
950.476   1043.99
954.289   1040.64
958.117   1037.3
961.96   1033.97
965.818   1030.65
969.692   1027.34
973.582   1024.04
977.487   1020.76
981.408   1017.48
985.345   1014.21
989.297   1010.96
993.266   1007.71
997.25   1004.48
1001.25   1001.25
1005.27   998.035
1009.3   994.831
1013.35   991.636
1017.41   988.452
1021.49   985.278
1025.59   982.115
1029.7   978.961
1033.83   975.817
1037.98   972.684
1042.14   969.56
1046.33   966.447
1050.52   963.343
1054.74   960.249
1058.97   957.166
1063.21   954.092
1067.48   951.027
1071.76   947.973
1076.06   944.928
1080.38   941.894
1084.71   938.868
1089.06   935.853
1093.43   932.847
1097.82   929.851
1102.22   926.864
1106.64   923.887
1111.08   920.919
1115.54   917.961
1120.01   915.012
1124.5   912.073
1129.01   909.143
1133.54   906.222
1138.09   903.311
1142.65   900.409
1147.24   897.516
1151.84   894.633
1156.46   891.759
1161.1   888.893
1165.76   886.038
1170.43   883.191
1175.13   880.353
1179.84   877.524
1184.57   874.705
1189.33   871.894
1194.1   869.093
1198.89   866.3
1203.69   863.516
1208.52   860.741
1213.37   857.975
1218.24   855.218
1223.12   852.47
1228.03   849.73
1232.96   846.999
1237.9   844.277
1242.87   841.564
1247.85   838.859
1252.86   836.163
1257.88   833.475
1262.93   830.796
1268   828.126
1273.08   825.464
1278.19   822.811
1283.31   820.166
1288.46   817.529
1293.63   814.901
1298.82   812.282
1304.03   809.67
1309.26   807.067
1314.51   804.473
1319.79   801.886
1325.08   799.308
1330.39   796.738
1335.73   794.177
1341.09   791.623
1346.47   789.078
1351.87   786.541
1357.29   784.012
1362.74   781.491
1368.2   778.978
1373.69   776.473
1379.2   773.976
1384.73   771.487
1390.29   769.006
1395.86   766.533
1401.46   764.068
1407.08   761.61
1412.73   759.161
1418.4   756.719
1424.08   754.285
1429.8   751.859
1435.53   749.441
1441.29   747.03
1447.07   744.627
1452.88   742.232
1458.7   739.845
1464.56   737.465
1470.43   735.092
1476.33   732.727
1482.25   730.37
1488.2   728.02
1494.17   725.678
1500.16   723.343
1506.18   721.016
1512.22   718.696
1518.28   716.384
1524.37   714.079
1530.49   711.781
1536.63   709.491
1542.79   707.208
1548.98   704.932
1555.19   702.663
1561.43   700.402
1567.69   698.148
1573.98   695.901
1580.3   693.661
1586.63   691.429
1593   689.203
1599.39   686.985
1605.8   684.774
1612.25   682.57
1618.71   680.373
1625.21   678.182
1631.72   675.999
1638.27   673.823
1644.84   671.654
1651.44   669.492
1658.06   667.336
1664.71   665.188
1671.39   663.046
1678.1   660.911
1684.83   658.783
1691.59   656.662
1698.37   654.548
1705.18   652.44
1712.02   650.339
1718.89   648.245
1725.79   646.157
1732.71   644.076
1739.66   642.002
1746.64   639.934
1753.64   637.873
1760.68   635.819
1767.74   633.771
1774.83   631.73
1781.95   629.695
1789.1   627.667
1796.27   625.645
1803.48   623.629
1810.71   621.62
1817.98   619.618
1825.27   617.621
1832.59   615.632
1839.94   613.648
1847.32   611.671
1854.73   609.7
1862.17   607.736
1869.64   605.777
1877.14   603.825
1884.67   601.88
1892.23   599.94
1899.82   598.007
1907.44   596.079
1915.09   594.158
1922.77   592.243
1930.49   590.334
1938.23   588.432
1946   586.535
1953.81   584.644
1961.65   582.76
1969.51   580.881
1977.41   579.009
1985.35   577.142
1993.31   575.282
2001.31   573.427
2009.33   571.578
2017.39   569.735
2025.49   567.898
2033.61   566.067
2041.77   564.242
2049.96   562.422
2058.18   560.609
2066.44   558.801
2074.73   556.999
2083.05   555.202
2091.4   553.412
2099.79   551.627
2108.21   549.847
2116.67   548.074
2125.16   546.306
2133.69   544.544
2142.24   542.787
2150.84   541.036
2159.46   539.291
2168.13   537.551
2176.82   535.817
2185.56   534.088
2194.32   532.364
2203.12   530.647
2211.96   528.934
2220.83   527.228
2229.74   525.526
2238.69   523.83
2247.67   522.14
2256.68   520.455
2265.73   518.775
2274.82   517.1
2283.95   515.431
2293.11   513.768
2302.31   512.109
2311.54   510.456
2320.81   508.808
2330.12   507.166
2339.47   505.528
2348.85   503.896
2358.28   502.269
2367.73   500.647
2377.23   499.031
2386.77   497.419
2396.34   495.813
2405.95   494.212
2415.6   492.616
2425.29   491.025
2435.02   489.439
2444.79   487.858
2454.6   486.282
2464.44   484.712
2474.33   483.146
2484.25   481.585
2494.22   480.029
2504.22   478.479
2514.27   476.933
2524.35   475.392
2534.48   473.856
2544.64   472.325
2554.85   470.798
2565.1   469.277
2575.39   467.76
2585.72   466.249
2596.09   464.742
2606.5   463.24
2616.96   461.743
2627.46   460.25
2638   458.762
2648.58   457.279
2659.2   455.801
2669.87   454.328
2680.58   452.859
2691.33   451.395
2702.13   449.935
2712.96   448.48
2723.85   447.03
2734.77   445.584
2745.74   444.143
2756.76   442.707
2767.81   441.275
2778.92   439.848
2790.06   438.425
2801.25   437.007
2812.49   435.594
2823.77   434.185
2835.1   432.78
2846.47   431.38
2857.89   429.984
2869.35   428.593
2880.86   427.206
2892.42   425.824
2904.02   424.446
2915.67   423.072
2927.36   421.703
2939.11   420.338
2950.9   418.978
2962.73   417.622
2974.62   416.27
2986.55   414.922
2998.53   413.579
3010.56   412.24
3022.63   410.906
3034.76   409.575
3046.93   408.249
3059.15   406.927
3071.42   405.609
3083.74   404.296
3096.11   402.987
3108.53   401.681
3121   400.38
3133.52   399.084
3146.09   397.791
3158.71   396.502
3171.38   395.218
3184.1   393.937
3196.87   392.661
3209.69   391.389
3222.57   390.121
3235.5   388.857
3248.47   387.597
3261.5   386.34
3274.59   385.088
3287.72   383.84
3300.91   382.596
3314.15   381.356
3327.44   380.12
3340.79   378.888
3354.19   377.659
3367.65   376.435
3381.15   375.214
3394.72   373.998
3408.33   372.785
3422   371.576
3435.73   370.371
3449.51   369.17
3463.35   367.972
3477.24   366.779
3491.19   365.589
3505.19   364.403
3519.25   363.221
3533.37   362.043
3547.54   360.868
3561.77   359.697
3576.06   358.53
3590.4   357.366
3604.81   356.207
3619.27   355.051
3633.78   353.898
3648.36   352.749
3662.99   351.604
3677.69   350.463
3692.44   349.325
3707.25   348.191
3722.12   347.061
3737.05   345.934
3752.04   344.81
3767.09   343.691
3782.2   342.574
3797.37   341.462
3812.6   340.353
3827.9   339.247
3843.25   338.145
3858.67   337.047
3874.15   335.952
3889.69   334.86
3905.29   333.772
3920.95   332.687
3936.68   331.606
3952.47   330.529
3968.33   329.454
3984.24   328.384
4000.23   327.316
4016.27   326.252
4032.38   325.192
4048.56   324.134
4064.8   323.08
4081.1   322.03
4097.47   320.983
4113.91   319.939
4130.41   318.898
4146.98   317.861
4163.61   316.827
4180.31   315.797
4197.08   314.769
4213.92   313.745
4230.82   312.724
4247.79   311.707
4264.83   310.693
4281.93   309.681
4299.11   308.674
4316.35   307.669
4333.67   306.668
4351.05   305.669
4368.5   304.674
4386.03   303.682
4403.62   302.694
4421.28   301.708
4439.02   300.725
4456.83   299.746
4474.7   298.77
4492.65   297.797
4510.67   296.827
4528.77   295.86
4546.93   294.896
4565.17   293.935
4583.48   292.977
4601.87   292.023
4620.33   291.071
4638.86   290.123
4657.47   289.177
4676.15   288.234
4694.91   287.295
4713.74   286.358
4732.65   285.425
4751.63   284.494
4770.69   283.566
4789.83   282.642
4809.04   281.72
4828.33   280.801
4847.7   279.885
4867.14   278.972
4886.66   278.062
4906.27   277.155
4925.95   276.251
4945.7   275.349
4965.54   274.451
4985.46   273.555
5005.46   272.662
5025.54   271.772
5045.7   270.885
5065.93   270.001
5086.25   269.119
5106.66   268.24
5127.14   267.364
5147.71   266.491
5168.36   265.621
5189.09   264.753
5209.9   263.888
5230.8   263.026
5251.78   262.167
5272.85   261.31
5294   260.456
5315.23   259.605
5336.55   258.757
5357.96   257.911
5379.45   257.068
5401.03   256.228
5422.69   255.39
5444.45   254.555
5466.28   253.722
5488.21   252.893
5510.23   252.066
5532.33   251.241
5554.52   250.419
5576.8   249.6
5599.17   248.783
5621.63   247.969
5644.18   247.158
5666.82   246.349
5689.55   245.543
5712.37   244.739
5735.28   243.938
5758.29   243.139
5781.39   242.343
5804.58   241.55
5827.86   240.759
5851.24   239.97
5874.71   239.184
5898.27   238.401
5921.93   237.62
5945.69   236.841
5969.54   236.065
5993.48   235.291
6017.52   234.52
6041.66   233.752
6065.89   232.985
6090.23   232.222
6114.65   231.46
6139.18   230.701
6163.81   229.945
6188.53   229.191
6213.35   228.439
6238.28   227.69
6263.3   226.943
6288.42   226.198
6313.65   225.456
6338.97   224.716
6364.4   223.979
6389.93   223.243
6415.56   222.511
6441.3   221.78
6467.13   221.052
6493.07   220.326
6519.12   219.603
6545.27   218.881
6571.52   218.162
6597.88   217.446
6624.35   216.731
6650.92   216.019
6677.6   215.309
6704.38   214.602
6731.28   213.896
6758.28   213.193
6785.38   212.492
6812.6   211.794
6839.93   211.097
6867.37   210.403
6894.91   209.711
6922.57   209.021
6950.34   208.334
6978.22   207.648
7006.21   206.965
7034.31   206.284
7062.53   205.605
7090.86   204.928
7119.3   204.254
7147.86   203.581
7176.53   202.911
7205.31   202.243
7234.22   201.577
7263.23   200.913
7292.37   200.251
7321.62   199.591
7350.99   198.933
7380.47   198.278
7410.08   197.624
7439.8   196.973
7469.64   196.324
7499.61   195.676
7529.69   195.031
7559.89   194.388
7590.22   193.747
7620.66   193.108
7651.23   192.471
7681.92   191.836
7712.74   191.203
7743.67   190.572
7774.73   189.943
7805.92   189.316
7837.23   188.691
7868.67   188.068
7900.23   187.447
7931.92   186.827
7963.74   186.21
7995.68   185.595
8027.75   184.982
8059.95   184.371
8092.28   183.761
8124.74   183.154
8157.33   182.549
8190.06   181.945
8222.91   181.343
8255.89   180.744
8289.01   180.146
8322.26   179.55
8355.64   178.956
8389.15   178.364
8422.81   177.774
8456.59   177.185
8490.51   176.599
8524.57   176.014
8558.76   175.431
8593.09   174.85
8627.56   174.271
8662.17   173.694
8696.92   173.119
8731.8   172.545
8766.83   171.973
8801.99   171.403
8837.3   170.835
8872.75   170.269
8908.34   169.704
8944.07   169.141
8979.95   168.58
9015.97   168.021
9052.13   167.464
9088.44   166.908
9124.9   166.354
9161.5   165.802
9198.25   165.252
9235.14   164.703
9272.19   164.156
9309.38   163.611
9346.72   163.068
9384.21   162.526
9421.86   161.986
9459.65   161.448
9497.59   160.911
9535.69   160.376
9573.94   159.843
9612.34   159.312
9650.9   158.782
9689.61   158.254
9728.48   157.727
9767.5   157.202
9806.68   156.679
9846.02   156.158
9885.51   155.638
9925.17   155.12
9964.98   154.603
10004.9   154.089
10045.1   153.575
10085.4   153.064
10125.8   152.554
10166.4   152.045
10207.2   151.539
10248.2   151.033
10289.3   150.53
10330.5   150.028
10372   149.528
10413.6   149.029
10455.4   148.532
10497.3   148.036
10539.4   147.542
10581.7   147.05
10624.1   146.559
10666.7   146.069
10709.5   145.581
10752.5   145.095
10795.6   144.61
10838.9   144.127
10882.4   143.646
10926.1   143.165
10969.9   142.687
11013.9   142.21
11058.1   141.734
11102.4   141.26
11146.9   140.788
11191.7   140.316
11236.6   139.847
11281.6   139.379
11326.9   138.912
11372.3   138.447
11417.9   137.983
11463.7   137.521
11509.7   137.061
11555.9   136.601
11602.2   136.143
11648.8   135.687
11695.5   135.232
11742.4   134.779
11789.5   134.327
11836.8   133.876
11884.3   133.427
11932   132.979
11979.8   132.533
12027.9   132.088
12076.1   131.644
12124.6   131.202
12173.2   130.762
12222   130.322
12271   129.884
12320.3   129.448
12369.7   129.013
12419.3   128.579
12469.1   128.146
12519.1   127.715
12569.4   127.286
12619.8   126.857
12670.4   126.43
12721.2   126.005
12772.2   125.581
12823.5   125.158
12874.9   124.736
12926.6   124.316
12978.4   123.897
13030.5   123.479
13082.7   123.063
13135.2   122.648
13187.9   122.235
13240.8   121.822
13293.9   121.411
13347.2   121.002
13400.8   120.593
13454.5   120.186
13508.5   119.78
13562.7   119.376
13617.1   118.972
13671.7   118.57
13726.5   118.17
13781.6   117.77
13836.9   117.372
13892.4   116.975
13948.1   116.579
14004.1   116.185
14060.2   115.792
14116.6   115.4
14173.3   115.009
14230.1   114.62
14287.2   114.231
14344.5   113.844
14402   113.459
14459.8   113.074
14517.8   112.691
14576   112.309
14634.5   111.928
14693.2   111.548
14752.1   111.17
14811.3   110.792
14870.7   110.416
14930.4   110.041
14990.3   109.667
15050.4   109.295
15110.8   108.924
15171.4   108.553
15232.2   108.184
15293.3   107.816
15354.7   107.45
15416.3   107.084
15478.1   106.72
15540.2   106.356
15602.5   105.994
15665.1   105.633
15728   105.274
15791   104.915
15854.4   104.557
15918   104.201
15981.8   103.846
16045.9   103.492
16110.3   103.139
16174.9   102.787
16239.8   102.436
16304.9   102.086
16370.3   101.738
16436   101.39
16501.9   101.044
16568.1   100.698
16634.6   100.354
16701.3   100.011
16768.3   99.669
16835.6   99.328
16903.1   98.9881
16970.9   98.6493
17039   98.3116
17107.3   97.9749
17175.9   97.6393
17244.8   97.3048
17314   96.9713
17383.5   96.6389
17453.2   96.3075
17523.2   95.9772
17593.5   95.6479
17664.1   95.3196
17734.9   94.9924
17806.1   94.6662
17877.5   94.3411
17949.2   94.0169
18021.2   93.6938
18093.5   93.3718
18166   93.0507
18238.9   92.7306
18312.1   92.4116
18385.5   92.0936
18459.3   91.7765
18533.3   91.4605
18607.7   91.1455
18682.3   90.8315
18757.2   90.5184
18832.5   90.2064
18908   89.8953
18983.9   89.5852
19060   89.2761
19136.5   88.968
19213.2   88.6608
19290.3   88.3546
19367.7   88.0494
19445.4   87.7452
19523.4   87.4419
19601.7   87.1395
19680.3   86.8381
19759.2   86.5377
19838.5   86.2382
19918.1   85.9397
19998   85.6421
20078.2   85.3454
20158.7   85.0497
20239.6   84.7549
20320.8   84.4611
20402.3   84.1681
20484.1   83.8761
20566.3   83.5851
20648.8   83.2949
20731.6   83.0056
20814.8   82.7173
20898.3   82.4299
20982.1   82.1434
21066.2   81.8577
21150.7   81.573
21235.6   81.2892
21320.8   81.0063
21406.3   80.7243
21492.2   80.4431
21578.4   80.1629
21664.9   79.8835
21751.8   79.605
21839.1   79.3274
21926.7   79.0507
22014.6   78.7748
22102.9   78.4998
22191.6   78.2257
22280.6   77.9525
22370   77.6801
22459.7   77.4085
22549.8   77.1379
22640.3   76.8681
22731.1   76.5991
22822.2   76.331
22913.8   76.0637
23005.7   75.7972
23098   75.5317
23190.6   75.2669
23283.7   75.003
23377.1   74.7399
23470.8   74.4776
23565   74.2162
23659.5   73.9556
23754.4   73.6958
23849.7   73.4368
23945.3   73.1787
24041.4   72.9214
24137.8   72.6648
24234.7   72.4091
24331.9   72.1542
24429.5   71.9001
24527.5   71.6468
24625.8   71.3943
24724.6   71.1426
24823.8   70.8917
24923.4   70.6416
25023.3   70.3922
25123.7   70.1437
25224.5   69.8959
25325.7   69.6489
25427.3   69.4027
25529.3   69.1573
25631.7   68.9127
25734.5   68.6688
25837.7   68.4257
25941.3   68.1833
26045.4   67.9417
26149.9   67.7009
26254.8   67.4609
26360.1   67.2216
26465.8   66.983
26572   66.7452
26678.6   66.5082
26785.6   66.2719
26893   66.0363
27000.9   65.8015
27109.2   65.5674
27217.9   65.3341
27327.1   65.1015
27436.7   64.8696
27546.8   64.6385
27657.3   64.4081
27768.2   64.1784
27879.6   63.9495
27991.4   63.7212
28103.7   63.4937
28216.4   63.2669
28329.6   63.0409
28443.2   62.8155
28557.3   62.5908
28671.9   62.3669
28786.9   62.1437
28902.4   61.9211
29018.3   61.6993
29134.7   61.4781
29251.6   61.2577
29368.9   61.038
29486.7   60.8189
29605   60.6005
29723.7   60.3829
29843   60.1659
29962.7   59.9496
30082.9   59.734
30203.5   59.519
30324.7   59.3048
30446.3   59.0912
30568.4   58.8783
30691.1   58.666
30814.2   58.4544
30937.8   58.2435
31061.9   58.0333
31186.5   57.8237
31311.6   57.6148
31437.2   57.4066
31563.3   57.199
31689.9   56.992
31817   56.7857
31944.6   56.5801
32072.7   56.3751
32201.4   56.1707
32330.6   55.967
32460.2   55.764
32590.4   55.5615
32721.2   55.3598
32852.4   55.1586
32984.2   54.9581
33116.5   54.7582
33249.3   54.559
33382.7   54.3604
33516.6   54.1624
33651.1   53.965
33786   53.7682
33921.6   53.5721
34057.6   53.3766
34194.2   53.1817
34331.4   52.9874
34469.1   52.7938
34607.4   52.6007
34746.2   52.4083
34885.6   52.2164
35025.5   52.0252
35166   51.8346
35307.1   51.6446
35448.7   51.4551
35590.9   51.2663
35733.6   51.0781
35877   50.8904
36020.9   50.7034
36165.4   50.5169
36310.4   50.3311
36456.1   50.1458
36602.3   49.9611
36749.1   49.777
36896.5   49.5934
37044.5   49.4105
37193.1   49.2281
37342.3   49.0463
37492.1   48.8651
37642.5   48.6844
37793.5   48.5044
37945.1   48.3248
38097.3   48.1459
38250.1   47.9675
38403.5   47.7897
38557.6   47.6124
38712.2   47.4357
38867.5   47.2596
39023.4   47.084
39180   46.909
39337.1   46.7345
39494.9   46.5606
39653.3   46.3872
39812.4   46.2144
39972.1   46.0421
40132.4   45.8703
40293.4   45.6992
40455   45.5285
40617.3   45.3584
40780.2   45.1888
40943.8   45.0198
41108   44.8513
41272.9   44.6833
41438.5   44.5158
41604.7   44.3489
41771.6   44.1825
41939.1   44.0167
42107.4   43.8513
42276.3   43.6865
42445.9   43.5222
42616.1   43.3585
42787.1   43.1952
42958.7   43.0325
43131   42.8702
43304   42.7085
43477.7   42.5473
43652.1   42.3866
43827.2   42.2265
44003   42.0668
44179.5   41.9076
44356.7   41.7489
44534.6   41.5908
44713.3   41.4331
44892.6   41.276
45072.7   41.1193
45253.5   40.9631
45435   40.8074
45617.3   40.6523
45800.3   40.4976
45984   40.3434
46168.4   40.1897
46353.6   40.0364
46539.5   39.8837
46726.2   39.7314
46913.7   39.5797
47101.8   39.4284
47290.8   39.2776
47480.5   39.1272
47670.9   38.9774
47862.1   38.828
48054.1   38.6791
48246.9   38.5306
48440.4   38.3827
48634.7   38.2352
48829.8   38.0881
49025.7   37.9416
49222.3   37.7955
49419.8   37.6498
49618   37.5047
49817   37.36
50016.8   37.2157
50217.5   37.0719
50418.9   36.9286
50621.1   36.7857
50824.2   36.6433
51028.1   36.5013
51232.7   36.3598
51438.2   36.2187
51644.6   36.078
51851.7   35.9379
52059.7   35.7981
52268.5   35.6588
52478.2   35.52
52688.7   35.3816
52900.1   35.2436
53112.2   35.1061
53325.3   34.969
53539.2   34.8323
53753.9   34.6961
53969.6   34.5603
54186   34.425
54403.4   34.2901
54621.6   34.1556
54840.7   34.0215
55060.7   33.8879
55281.6   33.7546
55503.3   33.6219
55725.9   33.4895
55949.5   33.3575
56173.9   33.226
56399.2   33.0949
56625.4   32.9642
56852.6   32.834
57080.6   32.7041
57309.6   32.5747
57539.5   32.4456
57770.3   32.317
58002   32.1888
58234.7   32.061
58468.3   31.9336
58702.8   31.8067
58938.2   31.6801
59174.7   31.5539
59412   31.4281
59650.3   31.3028
59889.6   31.1778
60129.8   31.0533
60371   30.9291
60613.2   30.8053
60856.3   30.6819
61100.4   30.559
61345.5   30.4364
61591.6   30.3142
61838.6   30.1924
62086.7   30.071
62335.7   29.9499
62585.8   29.8293
62836.8   29.7091
63088.9   29.5892
63341.9   29.4697
63596   29.3506
63851.1   29.2319
64107.2   29.1136
64364.4   28.9956
64622.6   28.8781
64881.8   28.7609
65142   28.644
65403.3   28.5276
65665.7   28.4115
65929.1   28.2958
66193.5   28.1805
66459   28.0655
66725.6   27.951
66993.3   27.8367
67262   27.7229
67531.8   27.6094
67802.7   27.4963
68074.6   27.3835
68347.7   27.2711
68621.9   27.1591
68897.1   27.0474
69173.5   26.9361
69451   26.8252
69729.5   26.7146
70009.2   26.6044
70290.1   26.4945
70572   26.385
70855.1   26.2758
71139.3   26.167
71424.7   26.0585
71711.2   25.9504
71998.8   25.8426
72287.6   25.7352
72577.6   25.6282
72868.7   25.5214
73161   25.4151
73454.4   25.309
73749.1   25.2033
74044.9   25.098
74341.9   24.993
74640.1   24.8883
74939.5   24.784
75240.1   24.68
75541.9   24.5764
75844.9   24.473
76149.2   24.3701
76454.6   24.2674
76761.3   24.1651
77069.2   24.0631
77378.3   23.9615
77688.7   23.8602
78000.3   23.7592
78313.2   23.6585
78627.3   23.5582
78942.7   23.4582
79259.4   23.3585
79577.3   23.2592
79896.5   23.1602
80217   23.0615
80538.8   22.9631
80861.8   22.865
81186.2   22.7673
81511.8   22.6699
81838.8   22.5728
82167.1   22.476
82496.7   22.3795
82827.6   22.2834
83159.8   22.1875
83493.4   22.092
83828.3   21.9968
84164.5   21.9019
84502.1   21.8073
84841.1   21.7131
85181.4   21.6191
85523.1   21.5254
85866.1   21.4321
86210.6   21.339
86556.4   21.2463
86903.6   21.1539
87252.2   21.0618
87602.1   20.9699
87953.5   20.8784
88306.3   20.7872
88660.5   20.6963
89016.2   20.6057
89373.2   20.5153
89731.7   20.4253
90091.7   20.3356
90453.1   20.2462
90815.9   20.1571
91180.2   20.0682
91545.9   19.9797
91913.1   19.8914
92281.8   19.8035
92652   19.7158
93023.6   19.6285
93396.7   19.5414
93771.4   19.4546
94147.5   19.3681
94525.2   19.2819
94904.3   19.1959
95285   19.1103
95667.2   19.0249
96050.9   18.9399
96436.2   18.8551
96823   18.7706
97211.4   18.6863
97601.4   18.6024
97992.9   18.5187
98385.9   18.4353
98780.6   18.3522
99176.8   18.2694
99574.6   18.1869
99974   18.1046
100375   18.0226
100778   17.9409
101182   17.8594
101588   17.7783
101995   17.6974
102404   17.6167
102815   17.5364
103228   17.4563
103642   17.3765
104057   17.2969
104475   17.2177
104894   17.1387
105315   17.0599
105737   16.9814
106161   16.9032
106587   16.8253
107015   16.7476
107444   16.6702
107875   16.593
108307   16.5161
108742   16.4395
109178   16.3631
109616   16.287
110056   16.2112
110497   16.1356
110940   16.0602
111385   15.9851
111832   15.9103
112281   15.8357
112731   15.7614
113183   15.6874
113637   15.6136
114093   15.54
114551   15.4667
115010   15.3937
115472   15.3209
115935   15.2483
116400   15.176
116867   15.104
117336   15.0322
117806   14.9606
118279   14.8893
118753   14.8182
119230   14.7474
119708   14.6769
120188   14.6065
120670   14.5365
121154   14.4666
121640   14.397
122128   14.3277
122618   14.2585
123110   14.1897
123604   14.121
124099   14.0526
124597   13.9845
125097   13.9166
125599   13.8489
126103   13.7814
126608   13.7142
127116   13.6473
127626   13.5805
128138   13.514
128652   13.4478
129168   13.3817
129686   13.3159
130206   13.2503
130729   13.185
131253   13.1199
131780   13.055
132308   12.9904
132839   12.9259
133372   12.8617
133907   12.7978
134444   12.734
134983   12.6705
135525   12.6072
136068   12.5442
136614   12.4813
137162   12.4187
137712   12.3563
138264   12.2942
138819   12.2322
139376   12.1705
139935   12.109
140496   12.0477
141060   11.9867
141626   11.9258
142194   11.8652
142764   11.8048
143337   11.7446
143912   11.6846
144489   11.6249
145069   11.5654
145650   11.506
146235   11.4469
146821   11.388
147410   11.3294
148002   11.2709
148595   11.2127
149191   11.1546
149790   11.0968
150391   11.0392
150994   10.9818
151599   10.9246
152208   10.8676
152818   10.8108
153431   10.7543
154046   10.6979
154664   10.6418
155285   10.5858
155908   10.5301
156533   10.4746
157161   10.4193
157791   10.3641
158424   10.3092
159060   10.2545
159698   10.2
160338   10.1457
160981   10.0916
161627   10.0377
162276   9.98402
162926   9.93053
163580   9.87724
164236   9.82415
164895   9.77125
165556   9.71856
166220   9.66606
166887   9.61377
167557   9.56167
168229   9.50977
168904   9.45806
169581   9.40655
170261   9.35524
170944   9.30412
171630   9.2532
172318   9.20247
173010   9.15194
173704   9.1016
174400   9.05145
175100   9.00149
175802   8.95173
176507   8.90215
177215   8.85277
177926   8.80358
178640   8.75458
179356   8.70577
180076   8.65715
180798   8.60872
181523   8.56047
182252   8.51241
182983   8.46454
183717   8.41686
184454   8.36937
185193   8.32205
185936   8.27493
186682   8.22799
187431   8.18124
188183   8.13467
188938   8.08828
189695   8.04208
190456   7.99605
191220   7.95022
191987   7.90456
192757   7.85909
193531   7.81379
194307   7.76868
195086   7.72375
195869   7.679
196655   7.63442
197443   7.59003
198235   7.54581
199031   7.50178
199829   7.45792
200630   7.41423
201435   7.37073
202243   7.3274
203054   7.28425
203869   7.24127
204687   7.19847
205508   7.15584
206332   7.11339
207160   7.07111
207991   7.029
208825   6.98707
209663   6.94531
210504   6.90372
211348   6.8623
212196   6.82106
213047   6.77999
213901   6.73908
214759   6.69835
215621   6.65779
216486   6.6174
217354   6.57717
218226   6.53712
219101   6.49723
219980   6.45751
220863   6.41796
221749   6.37857
222638   6.33935
223531   6.3003
224428   6.26141
225328   6.22269
226232   6.18414
227139   6.14574
228050   6.10752
228965   6.06945
229884   6.03155
230806   5.99382
231731   5.95624
232661   5.91883
233594   5.88158
234531   5.84449
235472   5.80756
236416   5.7708
237365   5.73419
238317   5.69774
239273   5.66146
240233   5.62533
241196   5.58936
242164   5.55355
243135   5.5179
244110   5.4824
245090   5.44707
246073   5.41189
247060   5.37686
248051   5.34199
249046   5.30728
250045   5.27273
251048   5.23832
252055   5.20408
253066   5.16998
254081   5.13605
255100   5.10226
256123   5.06863
257151   5.03515
258182   5.00182
259218   4.96865
260257   4.93562
261301   4.90275
262350   4.87003
263402   4.83746
264458   4.80504
265519   4.77277
266584   4.74065
267654   4.70868
268727   4.67686
269805   4.64518
270887   4.61366
271974   4.58228
273065   4.55105
274160   4.51996
275260   4.48902
276364   4.45823
277473   4.42759
278586   4.39709
279703   4.36673
280825   4.33652
281952   4.30645
283082   4.27653
284218   4.24675
285358   4.21712
286503   4.18763
287652   4.15828
288806   4.12907
289964   4.1
291127   4.07108
292295   4.0423
293468   4.01366
294645   3.98516
295827   3.95679
297013   3.92857
298205   3.90049
299401   3.87255
