1.00126   251584
1.00379   251077
1.00633   250570
1.00887   250065
1.01142   249561
1.01397   249058
1.01653   248556
1.0191   248055
1.02167   247555
1.02425   247056
1.02684   246558
1.02943   246061
1.03203   245565
1.03464   245070
1.03725   244576
1.03987   244083
1.0425   243591
1.04513   243100
1.04777   242610
1.05042   242121
1.05307   241633
1.05573   241146
1.05839   240659
1.06107   240174
1.06375   239690
1.06643   239207
1.06913   238725
1.07183   238244
1.07453   237763
1.07725   237284
1.07997   236806
1.0827   236328
1.08543   235852
1.08817   235377
1.09092   234902
1.09367   234429
1.09644   233956
1.09921   233484
1.10198   233014
1.10476   232544
1.10755   232075
1.11035   231607
1.11316   231141
1.11597   230675
1.11879   230210
1.12161   229746
1.12444   229282
1.12728   228820
1.13013   228359
1.13298   227899
1.13585   227439
1.13871   226981
1.14159   226523
1.14447   226067
1.14736   225611
1.15026   225156
1.15317   224702
1.15608   224249
1.159   223797
1.16192   223346
1.16486   222896
1.1678   222447
1.17075   221998
1.17371   221551
1.17667   221104
1.17964   220658
1.18262   220213
1.18561   219770
1.1886   219327
1.19161   218884
1.19461   218443
1.19763   218003
1.20066   217563
1.20369   217125
1.20673   216687
1.20978   216250
1.21283   215814
1.21589   215379
1.21896   214945
1.22204   214512
1.22513   214079
1.22822   213648
1.23133   213217
1.23444   212787
1.23755   212359
1.24068   211930
1.24381   211503
1.24695   211077
1.2501   210651
1.25326   210227
1.25642   209803
1.2596   209380
1.26278   208958
1.26597   208537
1.26916   208116
1.27237   207697
1.27558   207278
1.2788   206860
1.28203   206443
1.28527   206027
1.28852   205612
1.29177   205197
1.29503   204784
1.29831   204371
1.30158   203959
1.30487   203548
1.30817   203138
1.31147   202728
1.31478   202319
1.3181   201912
1.32143   201504
1.32477   201098
1.32811   200693
1.33147   200288
1.33483   199885
1.3382   199482
1.34158   199080
1.34497   198678
1.34837   198278
1.35177   197878
1.35519   197479
1.35861   197081
1.36204   196684
1.36548   196287
1.36893   195892
1.37239   195497
1.37585   195103
1.37933   194709
1.38281   194317
1.3863   193925
1.3898   193534
1.39331   193144
1.39683   192755
1.40036   192366
1.4039   191978
1.40744   191591
1.411   191205
1.41456   190820
1.41813   190435
1.42171   190051
1.4253   189668
1.4289   189286
1.43251   188904
1.43613   188523
1.43976   188143
1.44339   187764
1.44704   187386
1.45069   187008
1.45436   186631
1.45803   186255
1.46171   185879
1.4654   185505
1.4691   185131
1.47281   184757
1.47653   184385
1.48026   184013
1.484   183642
1.48775   183272
1.49151   182903
1.49527   182534
1.49905   182166
1.50284   181799
1.50663   181432
1.51044   181067
1.51425   180702
1.51807   180337
1.52191   179974
1.52575   179611
1.52961   179249
1.53347   178888
1.53734   178527
1.54122   178167
1.54512   177808
1.54902   177450
1.55293   177092
1.55685   176735
1.56078   176379
1.56473   176023
1.56868   175668
1.57264   175314
1.57661   174961
1.58059   174608
1.58458   174256
1.58859   173905
1.5926   173554
1.59662   173204
1.60065   172855
1.60469   172507
1.60875   172159
1.61281   171812
1.61688   171466
1.62097   171120
1.62506   170775
1.62916   170431
1.63328   170087
1.6374   169744
1.64154   169402
1.64568   169061
1.64984   168720
1.65401   168380
1.65818   168040
1.66237   167702
1.66657   167364
1.67078   167026
1.675   166690
1.67923   166354
1.68347   166018
1.68772   165684
1.69198   165350
1.69626   165016
1.70054   164684
1.70484   164352
1.70914   164020
1.71346   163690
1.71779   163360
1.72212   163030
1.72647   162702
1.73083   162374
1.7352   162046
1.73959   161720
1.74398   161394
1.74838   161068
1.7528   160744
1.75723   160420
1.76166   160096
1.76611   159774
1.77057   159452
1.77504   159130
1.77953   158809
1.78402   158489
1.78853   158170
1.79304   157851
1.79757   157533
1.80211   157215
1.80666   156898
1.81123   156582
1.8158   156266
1.82039   155951
1.82498   155637
1.82959   155323
1.83421   155010
1.83885   154698
1.84349   154386
1.84815   154075
1.85281   153764
1.85749   153454
1.86218   153145
1.86689   152836
1.8716   152528
1.87633   152220
1.88107   151914
1.88582   151607
1.89058   151302
1.89535   150997
1.90014   150692
1.90494   150389
1.90975   150085
1.91457   149783
1.91941   149481
1.92426   149180
1.92912   148879
1.93399   148579
1.93887   148279
1.94377   147980
1.94868   147682
1.9536   147384
1.95853   147087
1.96348   146791
1.96844   146495
1.97341   146199
1.97839   145905
1.98339   145611
1.9884   145317
1.99342   145024
1.99845   144732
2.0035   144440
2.00856   144149
2.01363   143858
2.01872   143568
2.02382   143279
2.02893   142990
2.03405   142702
2.03919   142414
2.04434   142127
2.0495   141841
2.05468   141555
2.05987   141269
2.06507   140985
2.07029   140700
2.07551   140417
2.08076   140134
2.08601   139851
2.09128   139569
2.09656   139288
2.10186   139007
2.10716   138727
2.11249   138447
2.11782   138168
2.12317   137890
2.12853   137612
2.13391   137334
2.1393   137057
2.1447   136781
2.15011   136505
2.15554   136230
2.16099   135956
2.16645   135682
2.17192   135408
2.1774   135135
2.1829   134863
2.18841   134591
2.19394   134320
2.19948   134049
2.20504   133779
2.21061   133509
2.21619   133240
2.22179   132971
2.2274   132703
2.23302   132436
2.23866   132169
2.24432   131902
2.24998   131636
2.25567   131371
2.26136   131106
2.26707   130842
2.2728   130578
2.27854   130315
2.28429   130052
2.29006   129790
2.29585   129528
2.30164   129267
2.30746   129007
2.31328   128747
2.31913   128487
2.32498   128228
2.33085   127970
2.33674   127712
2.34264   127454
2.34856   127197
2.35449   126941
2.36044   126685
2.3664   126430
2.37237   126175
2.37837   125920
2.38437   125667
2.39039   125413
2.39643   125160
2.40248   124908
2.40855   124656
2.41463   124405
2.42073   124154
2.42684   123904
2.43297   123654
2.43912   123405
2.44528   123156
2.45145   122908
2.45764   122660
2.46385   122413
2.47007   122166
2.47631   121920
2.48257   121674
2.48884   121429
2.49512   121184
2.50142   120940
2.50774   120696
2.51407   120453
2.52042   120210
2.52679   119968
2.53317   119726
2.53957   119484
2.54598   119244
2.55241   119003
2.55886   118763
2.56532   118524
2.5718   118285
2.57829   118046
2.5848   117809
2.59133   117571
2.59788   117334
2.60444   117097
2.61101   116861
2.61761   116626
2.62422   116391
2.63085   116156
2.63749   115922
2.64415   115688
2.65083   115455
2.65752   115222
2.66424   114990
2.67096   114758
2.67771   114527
2.68447   114296
2.69125   114066
2.69805   113836
2.70486   113606
2.71169   113377
2.71854   113149
2.72541   112921
2.73229   112693
2.73919   112466
2.74611   112239
2.75304   112013
2.76   111787
2.76697   111562
2.77396   111337
2.78096   111112
2.78798   110888
2.79503   110665
2.80208   110442
2.80916   110219
2.81626   109997
2.82337   109775
2.8305   109554
2.83765   109333
2.84481   109113
2.852   108893
2.8592   108673
2.86642   108454
2.87366   108236
2.88092   108017
2.88819   107800
2.89549   107582
2.9028   107365
2.91013   107149
2.91748   106933
2.92485   106717
2.93224   106502
2.93964   106288
2.94706   106073
2.95451   105860
2.96197   105646
2.96945   105433
2.97695   105221
2.98447   105009
2.992   104797
2.99956   104586
3.00714   104375
3.01473   104164
3.02234   103954
3.02998   103745
3.03763   103536
3.0453   103327
3.05299   103119
3.0607   102911
3.06843   102703
3.07618   102496
3.08395   102290
3.09174   102084
3.09955   101878
3.10737   101672
3.11522   101467
3.12309   101263
3.13098   101059
3.13888   100855
3.14681   100652
3.15476   100449
3.16273   100246
3.17071   100044
3.17872   99842.6
3.18675   99641.3
3.1948   99440.5
3.20287   99240
3.21095   99040
3.21906   98840.3
3.22719   98641.1
3.23534   98442.2
3.24351   98243.8
3.25171   98045.8
3.25992   97848.1
3.26815   97650.9
3.2764   97454
3.28468   97257.6
3.29297   97061.5
3.30129   96865.8
3.30963   96670.6
3.31799   96475.7
3.32637   96281.2
3.33477   96087.1
3.34319   95893.4
3.35163   95700.1
3.3601   95507.2
3.36858   95314.7
3.37709   95122.6
3.38562   94930.8
3.39417   94739.4
3.40274   94548.5
3.41133   94357.9
3.41995   94167.7
3.42859   93977.8
3.43725   93788.4
3.44593   93599.3
3.45463   93410.6
3.46335   93222.3
3.4721   93034.4
3.48087   92846.9
3.48966   92659.7
3.49847   92472.9
3.50731   92286.5
3.51617   92100.5
3.52505   91914.8
3.53395   91729.5
3.54287   91544.6
3.55182   91360.1
3.56079   91175.9
3.56978   90992.1
3.5788   90808.7
3.58784   90625.6
3.5969   90442.9
3.60598   90260.6
3.61509   90078.7
3.62422   89897.1
3.63337   89715.9
3.64255   89535
3.65175   89354.5
3.66097   89174.4
3.67022   88994.6
3.67948   88815.2
3.68878   88636.2
3.69809   88457.5
3.70743   88279.2
3.7168   88101.3
3.72618   87923.7
3.73559   87746.4
3.74503   87569.5
3.75448   87393
3.76397   87216.8
3.77347   87041
3.783   86865.6
3.79256   86690.5
3.80213   86515.7
3.81174   86341.3
3.82136   86167.2
3.83101   85993.5
3.84069   85820.2
3.85039   85647.2
3.86011   85474.5
3.86986   85302.2
3.87964   85130.3
3.88943   84958.7
3.89926   84787.4
3.9091   84616.5
3.91898   84445.9
3.92887   84275.7
3.9388   84105.8
3.94874   83936.3
3.95872   83767.1
3.96871   83598.2
3.97874   83429.7
3.98878   83261.5
3.99886   83093.7
4.00896   82926.2
4.01908   82759
4.02923   82592.2
4.03941   82425.7
4.04961   82259.5
4.05984   82093.7
4.07009   81928.2
4.08037   81763
4.09067   81598.2
4.101   81433.7
4.11136   81269.6
4.12174   81105.7
4.13215   80942.2
4.14259   80779.1
4.15305   80616.2
4.16354   80453.7
4.17406   80291.5
4.1846   80129.7
4.19516   79968.2
4.20576   79807
4.21638   79646.1
4.22703   79485.5
4.23771   79325.3
4.24841   79165.4
4.25914   79005.8
4.26989   78846.5
4.28068   78687.6
4.29149   78529
4.30233   78370.7
4.31319   78212.7
4.32408   78055
4.335   77897.7
4.34595   77740.6
4.35693   77583.9
4.36793   77427.5
4.37896   77271.5
4.39002   77115.7
4.40111   76960.2
4.41222   76805.1
4.42337   76650.3
4.43454   76495.8
4.44574   76341.5
4.45696   76187.7
4.46822   76034.1
4.47951   75880.8
4.49082   75727.8
4.50216   75575.2
4.51353   75422.8
4.52493   75270.8
4.53636   75119.1
4.54781   74967.6
4.5593   74816.5
4.57081   74665.7
4.58236   74515.2
4.59393   74365
4.60553   74215
4.61716   74065.4
4.62882   73916.1
4.64051   73767.1
4.65223   73618.4
4.66398   73470
4.67576   73321.9
4.68757   73174.1
4.69941   73026.6
4.71128   72879.4
4.72317   72732.5
4.7351   72585.9
4.74706   72439.5
4.75905   72293.5
4.77107   72147.8
4.78312   72002.3
4.7952   71857.2
4.80731   71712.3
4.81945   71567.8
4.83162   71423.5
4.84382   71279.5
4.85606   71135.8
4.86832   70992.4
4.88061   70849.3
4.89294   70706.5
4.9053   70564
4.91769   70421.7
4.93011   70279.8
4.94256   70138.1
4.95504   69996.7
4.96755   69855.6
4.9801   69714.8
4.99268   69574.3
5.00528   69434
5.01792   69294
5.0306   69154.3
5.0433   69014.9
5.05604   68875.8
5.06881   68737
5.08161   68598.4
5.09444   68460.1
5.10731   68322.1
5.12021   68184.4
5.13314   68046.9
5.1461   67909.8
5.1591   67772.9
5.17213   67636.3
5.18519   67499.9
5.19829   67363.8
5.21141   67228
5.22457   67092.5
5.23777   66957.3
5.251   66822.3
5.26426   66687.6
5.27755   66553.2
5.29088   66419
5.30424   66285.1
5.31764   66151.5
5.33107   66018.1
5.34453   65885.1
5.35803   65752.2
5.37156   65619.7
5.38513   65487.4
5.39873   65355.4
5.41236   65223.6
5.42603   65092.2
5.43973   64961
5.45347   64830
5.46725   64699.3
5.48105   64568.9
5.4949   64438.7
5.50877   64308.8
5.52269   64179.2
5.53663   64049.8
5.55062   63920.7
5.56463   63791.8
5.57869   63663.2
5.59278   63534.9
5.6069   63406.8
5.62106   63279
5.63526   63151.5
5.64949   63024.1
5.66376   62897.1
5.67806   62770.3
5.6924   62643.8
5.70678   62517.5
5.72119   62391.5
5.73564   62265.7
5.75012   62140.2
5.76464   62014.9
5.7792   61889.9
5.7938   61765.1
5.80843   61640.6
5.8231   61516.4
5.83781   61392.4
5.85255   61268.6
5.86733   61145.1
5.88215   61021.8
5.897   60898.8
5.9119   60776.1
5.92683   60653.5
5.94179   60531.3
5.9568   60409.2
5.97184   60287.5
5.98693   60165.9
6.00205   60044.7
6.0172   59923.6
6.0324   59802.8
6.04763   59682.3
6.06291   59561.9
6.07822   59441.9
6.09357   59322.1
6.10896   59202.5
6.12439   59083.1
6.13985   58964
6.15536   58845.2
6.17091   58726.5
6.18649   58608.1
6.20211   58490
6.21778   58372.1
6.23348   58254.4
6.24922   58137
6.26501   58019.8
6.28083   57902.8
6.29669   57786.1
6.31259   57669.6
6.32853   57553.4
6.34452   57437.3
6.36054   57321.6
6.3766   57206
6.39271   57090.7
6.40885   56975.6
6.42504   56860.7
6.44126   56746.1
6.45753   56631.7
6.47384   56517.6
6.49019   56403.6
6.50658   56289.9
6.52301   56176.5
6.53949   56063.2
6.556   55950.2
6.57256   55837.4
6.58916   55724.9
6.6058   55612.5
6.62248   55500.4
6.63921   55388.5
6.65597   55276.9
6.67278   55165.4
6.68964   55054.2
6.70653   54943.3
6.72347   54832.5
6.74045   54722
6.75747   54611.6
6.77454   54501.6
6.79165   54391.7
6.8088   54282
6.82599   54172.6
6.84323   54063.4
6.86052   53954.4
6.87784   53845.7
6.89521   53737.1
6.91263   53628.8
6.93008   53520.7
6.94759   53412.8
6.96513   53305.1
6.98272   53197.7
7.00036   53090.4
7.01804   52983.4
7.03576   52876.6
7.05353   52770
7.07134   52663.6
7.0892   52557.5
7.1071   52451.5
7.12505   52345.8
7.14305   52240.3
7.16109   52134.9
7.17917   52029.8
7.1973   51925
7.21548   51820.3
7.2337   51715.8
7.25197   51611.6
7.27029   51507.5
7.28865   51403.7
7.30705   51300.1
7.32551   51196.7
7.34401   51093.4
7.36256   50990.5
7.38115   50887.7
7.39979   50785.1
7.41848   50682.7
7.43722   50580.5
7.456   50478.6
7.47483   50376.8
7.49371   50275.3
7.51263   50173.9
7.5316   50072.8
7.55062   49971.8
7.56969   49871.1
7.58881   49770.6
7.60798   49670.2
7.62719   49570.1
7.64645   49470.2
7.66576   49370.4
7.68512   49270.9
7.70453   49171.6
7.72399   49072.5
7.7435   48973.5
7.76305   48874.8
7.78266   48776.3
7.80231   48678
7.82202   48579.8
7.84177   48481.9
7.86158   48384.2
7.88143   48286.6
7.90134   48189.3
7.92129   48092.2
7.9413   47995.2
7.96135   47898.5
7.98146   47801.9
8.00161   47705.5
8.02182   47609.4
8.04208   47513.4
8.06239   47417.6
8.08275   47322
8.10317   47226.6
8.12363   47131.4
8.14415   47036.4
8.16472   46941.6
8.18534   46847
8.20601   46752.5
8.22673   46658.3
8.24751   46564.2
8.26834   46470.3
8.28922   46376.7
8.31015   46283.2
8.33114   46189.9
8.35218   46096.8
8.37327   46003.8
8.39442   45911.1
8.41562   45818.6
8.43687   45726.2
8.45818   45634
8.47954   45542
8.50096   45450.2
8.52243   45358.6
8.54395   45267.1
8.56553   45175.9
8.58716   45084.8
8.60885   44993.9
8.63059   44903.2
8.65238   44812.7
8.67424   44722.4
8.69614   44632.2
8.7181   44542.3
8.74012   44452.5
8.76219   44362.8
8.78432   44273.4
8.80651   44184.2
8.82875   44095.1
8.85105   44006.2
8.8734   43917.5
8.89581   43829
8.91828   43740.6
8.9408   43652.4
8.96338   43564.4
8.98602   43476.6
9.00871   43389
9.03146   43301.5
9.05427   43214.2
9.07714   43127.1
9.10006   43040.2
9.12304   42953.4
9.14608   42866.8
9.16918   42780.4
9.19234   42694.1
9.21555   42608.1
9.23883   42522.2
9.26216   42436.5
9.28555   42350.9
9.309   42265.5
9.33251   42180.3
9.35608   42095.3
9.37971   42010.5
9.4034   41925.8
9.42715   41841.2
9.45095   41756.9
9.47482   41672.7
9.49875   41588.7
9.52274   41504.9
9.54679   41421.2
9.5709   41337.7
9.59507   41254.4
9.6193   41171.2
9.6436   41088.2
9.66795   41005.4
9.69237   40922.7
9.71685   40840.2
9.74139   40757.9
9.76599   40675.7
9.79065   40593.7
9.81538   40511.9
9.84017   40430.2
9.86502   40348.7
9.88993   40267.4
9.91491   40186.2
9.93995   40105.2
9.96505   40024.4
9.99022   39943.7
10.0154   39863.1
10.0407   39782.8
10.0661   39702.6
10.0915   39622.6
10.117   39542.7
10.1426   39463
10.1682   39383.4
10.1939   39304
10.2196   39224.8
10.2454   39145.7
10.2713   39066.8
10.2972   38988
10.3232   38909.5
10.3493   38831
10.3754   38752.7
10.4016   38674.6
10.4279   38596.6
10.4542   38518.8
10.4806   38441.2
10.5071   38363.7
10.5336   38286.4
10.5603   38209.2
10.5869   38132.2
10.6137   38055.3
10.6405   37978.6
10.6673   37902
10.6943   37825.6
10.7213   37749.3
10.7484   37673.2
10.7755   37597.3
10.8027   37521.5
10.83   37445.9
10.8574   37370.4
10.8848   37295
10.9123   37219.9
10.9398   37144.8
10.9675   37070
10.9951   36995.2
11.0229   36920.6
11.0508   36846.2
11.0787   36771.9
11.1066   36697.8
11.1347   36623.8
11.1628   36550
11.191   36476.3
11.2193   36402.8
11.2476   36329.4
11.276   36256.2
11.3045   36183.1
11.333   36110.1
11.3617   36037.3
11.3903   35964.7
11.4191   35892.2
11.448   35819.8
11.4769   35747.6
11.5059   35675.6
11.5349   35603.6
11.564   35531.9
11.5932   35460.2
11.6225   35388.8
11.6519   35317.4
11.6813   35246.2
11.7108   35175.2
11.7404   35104.3
11.77   35033.5
11.7998   34962.9
11.8296   34892.4
11.8594   34822
11.8894   34751.8
11.9194   34681.8
11.9495   34611.9
11.9797   34542.1
12.0099   34472.5
12.0403   34403
12.0707   34333.6
12.1012   34264.4
12.1317   34195.3
12.1624   34126.4
12.1931   34057.6
12.2239   33988.9
12.2547   33920.4
12.2857   33852
12.3167   33783.8
12.3478   33715.7
12.379   33647.7
12.4103   33579.9
12.4416   33512.2
12.473   33444.6
12.5045   33377.2
12.5361   33309.9
12.5678   33242.8
12.5995   33175.8
12.6313   33108.9
12.6632   33042.1
12.6952   32975.5
12.7273   32909.1
12.7594   32842.7
12.7916   32776.5
12.824   32710.4
12.8563   32644.5
12.8888   32578.7
12.9214   32513
12.954   32447.5
12.9867   32382.1
13.0195   32316.8
13.0524   32251.6
13.0854   32186.6
13.1184   32121.7
13.1515   32057
13.1847   31992.3
13.218   31927.8
13.2514   31863.5
13.2849   31799.2
13.3184   31735.1
13.3521   31671.2
13.3858   31607.3
13.4196   31543.6
13.4535   31480
13.4875   31416.6
13.5215   31353.2
13.5557   31290
13.5899   31226.9
13.6242   31164
13.6586   31101.2
13.6931   31038.5
13.7277   30975.9
13.7624   30913.4
13.7971   30851.1
13.832   30788.9
13.8669   30726.9
13.9019   30664.9
13.9371   30603.1
13.9723   30541.4
14.0075   30479.8
14.0429   30418.4
14.0784   30357.1
14.1139   30295.9
14.1496   30234.8
14.1853   30173.9
14.2211   30113
14.2571   30052.3
14.2931   29991.7
14.3292   29931.3
14.3653   29870.9
14.4016   29810.7
14.438   29750.6
14.4745   29690.6
14.511   29630.8
14.5477   29571.1
14.5844   29511.4
14.6212   29451.9
14.6582   29392.6
14.6952   29333.3
14.7323   29274.2
14.7695   29215.2
14.8068   29156.3
14.8442   29097.5
14.8817   29038.8
14.9193   28980.3
14.9569   28921.9
14.9947   28863.6
15.0326   28805.4
15.0706   28747.3
15.1086   28689.4
15.1468   28631.5
15.185   28573.8
15.2234   28516.2
15.2618   28458.7
15.3004   28401.3
15.339   28344.1
15.3777   28287
15.4166   28229.9
15.4555   28173
15.4945   28116.2
15.5337   28059.5
15.5729   28003
15.6122   27946.5
15.6517   27890.2
15.6912   27834
15.7308   27777.8
15.7705   27721.8
15.8104   27666
15.8503   27610.2
15.8903   27554.5
15.9305   27499
15.9707   27443.5
16.011   27388.2
16.0515   27333
16.092   27277.9
16.1326   27222.9
16.1734   27168
16.2142   27113.3
16.2552   27058.6
16.2962   27004.1
16.3374   26949.6
16.3787   26895.3
16.42   26841.1
16.4615   26787
16.5031   26733
16.5447   26679.1
16.5865   26625.3
16.6284   26571.6
16.6704   26518
16.7125   26464.6
16.7547   26411.2
16.797   26358
16.8394   26304.8
16.882   26251.8
16.9246   26198.9
16.9674   26146.1
17.0102   26093.4
17.0532   26040.8
17.0962   25988.3
17.1394   25935.9
17.1827   25883.6
17.2261   25831.4
17.2696   25779.3
17.3132   25727.4
17.3569   25675.5
17.4008   25623.7
17.4447   25572.1
17.4888   25520.5
17.5329   25469.1
17.5772   25417.7
17.6216   25366.5
17.6661   25315.4
17.7107   25264.3
17.7555   25213.4
17.8003   25162.6
17.8452   25111.8
17.8903   25061.2
17.9355   25010.7
17.9808   24960.3
18.0262   24910
18.0717   24859.7
18.1174   24809.6
18.1631   24759.6
18.209   24709.7
18.255   24659.9
18.3011   24610.2
18.3473   24560.6
18.3936   24511
18.4401   24461.6
18.4867   24412.3
18.5333   24363.1
18.5802   24314
18.6271   24265
18.6741   24216
18.7213   24167.2
18.7686   24118.5
18.816   24069.9
18.8635   24021.4
18.9111   23972.9
18.9589   23924.6
19.0068   23876.4
19.0548   23828.2
19.1029   23780.2
19.1511   23732.3
19.1995   23684.4
19.248   23636.7
19.2966   23589
19.3453   23541.5
19.3942   23494
19.4432   23446.6
19.4923   23399.4
19.5415   23352.2
19.5908   23305.1
19.6403   23258.1
19.6899   23211.3
19.7397   23164.5
19.7895   23117.8
19.8395   23071.2
19.8896   23024.6
19.9398   22978.2
19.9902   22931.9
20.0407   22885.7
20.0913   22839.5
20.142   22793.5
20.1929   22747.5
20.2439   22701.7
20.295   22655.9
20.3463   22610.2
20.3976   22564.7
20.4492   22519.2
20.5008   22473.8
20.5526   22428.5
20.6045   22383.3
20.6565   22338.1
20.7087   22293.1
20.761   22248.2
20.8134   22203.3
20.866   22158.5
20.9187   22113.9
20.9715   22069.3
21.0245   22024.8
21.0776   21980.4
21.1308   21936.1
21.1842   21891.9
21.2377   21847.7
21.2913   21803.7
21.3451   21759.7
21.399   21715.9
21.453   21672.1
21.5072   21628.4
21.5615   21584.8
21.616   21541.3
21.6706   21497.8
21.7253   21454.5
21.7802   21411.3
21.8352   21368.1
21.8903   21325
21.9456   21282
22.001   21239.1
22.0566   21196.3
22.1123   21153.6
22.1681   21110.9
22.2241   21068.4
22.2802   21025.9
22.3365   20983.5
22.3929   20941.2
22.4495   20899
22.5062   20856.8
22.563   20814.8
22.62   20772.8
22.6771   20731
22.7344   20689.2
22.7918   20647.5
22.8494   20605.8
22.9071   20564.3
22.9649   20522.8
23.0229   20481.5
23.0811   20440.2
23.1394   20399
23.1978   20357.8
23.2564   20316.8
23.3151   20275.8
23.374   20235
23.433   20194.2
23.4922   20153.4
23.5515   20112.8
23.611   20072.3
23.6706   20031.8
23.7304   19991.4
23.7904   19951.1
23.8504   19910.9
23.9107   19870.8
23.9711   19830.7
24.0316   19790.7
24.0923   19750.8
24.1531   19711
24.2141   19671.3
24.2753   19631.6
24.3366   19592
24.3981   19552.5
24.4597   19513.1
24.5214   19473.8
24.5834   19434.5
24.6455   19395.3
24.7077   19356.2
24.7701   19317.2
24.8327   19278.3
24.8954   19239.4
24.9582   19200.6
25.0213   19161.9
25.0845   19123.3
25.1478   19084.7
25.2113   19046.2
25.275   19007.8
25.3388   18969.5
25.4028   18931.3
25.467   18893.1
25.5313   18855
25.5958   18817
25.6604   18779.1
25.7252   18741.2
25.7902   18703.4
25.8553   18665.7
25.9206   18628.1
25.9861   18590.5
26.0517   18553.1
26.1175   18515.7
26.1835   18478.3
26.2496   18441.1
26.3159   18403.9
26.3823   18366.8
26.449   18329.8
26.5158   18292.8
26.5827   18255.9
26.6499   18219.1
26.7172   18182.4
26.7846   18145.8
26.8523   18109.2
26.9201   18072.7
26.9881   18036.2
27.0562   17999.9
27.1246   17963.6
27.1931   17927.4
27.2618   17891.2
27.3306   17855.1
27.3996   17819.2
27.4688   17783.2
27.5382   17747.4
27.6077   17711.6
27.6775   17675.9
27.7474   17640.3
27.8174   17604.7
27.8877   17569.2
27.9581   17533.8
28.0287   17498.4
28.0995   17463.2
28.1705   17427.9
28.2416   17392.8
28.313   17357.7
28.3845   17322.8
28.4561   17287.8
28.528   17253
28.6001   17218.2
28.6723   17183.5
28.7447   17148.8
28.8173   17114.3
28.8901   17079.8
28.963   17045.3
29.0362   17011
29.1095   16976.7
29.183   16942.4
29.2567   16908.3
29.3306   16874.2
29.4047   16840.2
29.4789   16806.2
29.5534   16772.3
29.628   16738.5
29.7029   16704.8
29.7779   16671.1
29.8531   16637.5
29.9285   16604
30.0041   16570.5
30.0798   16537.1
30.1558   16503.7
30.232   16470.5
30.3083   16437.3
30.3848   16404.1
30.4616   16371
30.5385   16338
30.6156   16305.1
30.693   16272.2
30.7705   16239.4
30.8482   16206.7
30.9261   16174
31.0042   16141.4
31.0825   16108.9
31.161   16076.4
31.2397   16044
31.3186   16011.6
31.3977   15979.3
31.477   15947.1
31.5565   15915
31.6362   15882.9
31.7161   15850.9
31.7962   15818.9
31.8765   15787
31.957   15755.2
32.0377   15723.4
32.1186   15691.7
32.1997   15660.1
32.281   15628.5
32.3625   15597
32.4443   15565.6
32.5262   15534.2
32.6084   15502.9
32.6907   15471.6
32.7733   15440.4
32.856   15409.3
32.939   15378.2
33.0222   15347.2
33.1056   15316.3
33.1892   15285.4
33.273   15254.6
33.3571   15223.8
33.4413   15193.1
33.5258   15162.5
33.6104   15131.9
33.6953   15101.4
33.7804   15071
33.8657   15040.6
33.9512   15010.3
34.037   14980
34.123   14949.8
34.2091   14919.7
34.2955   14889.6
34.3821   14859.6
34.469   14829.6
34.556   14799.7
34.6433   14769.9
34.7308   14740.1
34.8185   14710.4
34.9064   14680.7
34.9946   14651.1
35.083   14621.6
35.1716   14592.1
35.2604   14562.7
35.3494   14533.3
35.4387   14504
35.5282   14474.8
35.6179   14445.6
35.7079   14416.5
35.7981   14387.4
35.8885   14358.4
35.9791   14329.5
36.07   14300.6
36.1611   14271.7
36.2524   14243
36.344   14214.3
36.4357   14185.6
36.5278   14157
36.62   14128.5
36.7125   14100
36.8052   14071.5
36.8982   14043.2
36.9913   14014.9
37.0848   13986.6
37.1784   13958.4
37.2723   13930.3
37.3665   13902.2
37.4608   13874.1
37.5554   13846.2
37.6503   13818.3
37.7454   13790.4
37.8407   13762.6
37.9363   13734.9
38.0321   13707.2
38.1281   13679.5
38.2244   13651.9
38.3209   13624.4
38.4177   13597
38.5147   13569.5
38.612   13542.2
38.7095   13514.9
38.8073   13487.6
38.9053   13460.4
39.0035   13433.3
39.102   13406.2
39.2008   13379.2
39.2998   13352.2
39.3991   13325.3
39.4986   13298.4
39.5983   13271.6
39.6983   13244.9
39.7986   13218.2
39.8991   13191.5
39.9998   13164.9
40.1009   13138.4
40.2021   13111.9
40.3037   13085.4
40.4055   13059.1
40.5075   13032.7
40.6098   13006.5
40.7124   12980.2
40.8152   12954.1
40.9183   12927.9
41.0216   12901.9
41.1252   12875.9
41.2291   12849.9
41.3332   12824
41.4376   12798.1
41.5422   12772.3
41.6471   12746.6
41.7523   12720.9
41.8578   12695.2
41.9635   12669.6
42.0694   12644.1
42.1757   12618.6
42.2822   12593.2
42.389   12567.8
42.496   12542.4
42.6034   12517.2
42.711   12491.9
42.8188   12466.7
42.927   12441.6
43.0354   12416.5
43.1441   12391.5
43.253   12366.5
43.3623   12341.6
43.4718   12316.7
43.5816   12291.8
43.6916   12267.1
43.802   12242.3
43.9126   12217.6
44.0235   12193
44.1347   12168.4
44.2461   12143.9
44.3579   12119.4
44.4699   12095
44.5822   12070.6
44.6948   12046.3
44.8077   12022
44.9208   11997.7
45.0343   11973.5
45.148   11949.4
45.262   11925.3
45.3763   11901.3
45.4909   11877.3
45.6058   11853.3
45.721   11829.4
45.8365   11805.6
45.9522   11781.8
46.0683   11758
46.1846   11734.3
46.3013   11710.7
46.4182   11687
46.5354   11663.5
46.653   11640
46.7708   11616.5
46.8889   11593.1
47.0073   11569.7
47.126   11546.4
47.245   11523.1
47.3644   11499.9
47.484   11476.7
47.6039   11453.5
47.7241   11430.4
47.8447   11407.4
47.9655   11384.4
48.0866   11361.4
48.2081   11338.5
48.3298   11315.7
48.4519   11292.9
48.5742   11270.1
48.6969   11247.4
48.8199   11224.7
48.9432   11202.1
49.0668   11179.5
49.1907   11156.9
49.3149   11134.4
49.4395   11112
49.5643   11089.6
49.6895   11067.2
49.815   11044.9
49.9408   11022.6
50.0669   11000.4
50.1934   10978.2
50.3201   10956.1
50.4472   10934
50.5746   10912
50.7024   10890
50.8304   10868
50.9588   10846.1
51.0875   10824.2
51.2165   10802.4
51.3458   10780.6
51.4755   10758.9
51.6055   10737.2
51.7358   10715.5
51.8665   10693.9
51.9975   10672.4
52.1288   10650.9
52.2605   10629.4
52.3924   10608
52.5248   10586.6
52.6574   10565.2
52.7904   10543.9
52.9237   10522.7
53.0574   10501.4
53.1914   10480.3
53.3257   10459.1
53.4604   10438
53.5954   10417
53.7308   10396
53.8665   10375
54.0025   10354.1
54.1389   10333.2
54.2756   10312.4
54.4127   10291.6
54.5501   10270.9
54.6879   10250.2
54.826   10229.5
54.9644   10208.9
55.1032   10188.3
55.2424   10167.7
55.3819   10147.2
55.5218   10126.8
55.662   10106.4
55.8026   10086
55.9435   10065.6
56.0848   10045.4
56.2264   10025.1
56.3684   10004.9
56.5108   9984.71
56.6535   9964.58
56.7966   9944.49
56.94   9924.44
57.0838   9904.43
57.228   9884.46
57.3725   9864.53
57.5174   9844.64
57.6627   9824.79
57.8083   9804.98
57.9543   9785.21
58.1007   9765.48
58.2474   9745.79
58.3945   9726.14
58.542   9706.53
58.6898   9686.95
58.838   9667.42
58.9866   9647.93
59.1356   9628.48
59.285   9609.06
59.4347   9589.69
59.5848   9570.35
59.7353   9551.05
59.8861   9531.8
60.0374   9512.58
60.189   9493.4
60.341   9474.26
60.4934   9455.15
60.6462   9436.09
60.7993   9417.06
60.9529   9398.07
61.1068   9379.12
61.2611   9360.21
61.4158   9341.34
61.571   9322.5
61.7264   9303.71
61.8823   9284.95
62.0386   9266.23
62.1953   9247.54
62.3524   9228.9
62.5098   9210.29
62.6677   9191.72
62.826   9173.18
62.9846   9154.69
63.1437   9136.23
63.3032   9117.81
63.4631   9099.42
63.6233   9081.07
63.784   9062.76
63.9451   9044.49
64.1066   9026.25
64.2685   9008.05
64.4308   8989.89
64.5935   8971.76
64.7566   8953.67
64.9202   8935.62
65.0841   8917.6
65.2485   8899.62
65.4133   8881.68
65.5785   8863.77
65.7441   8845.89
65.9102   8828.06
66.0766   8810.26
66.2435   8792.49
66.4108   8774.76
66.5785   8757.07
66.7466   8739.41
66.9152   8721.79
67.0842   8704.2
67.2536   8686.65
67.4235   8669.14
67.5938   8651.66
67.7645   8634.21
67.9356   8616.8
68.1072   8599.43
68.2792   8582.09
68.4516   8564.78
68.6245   8547.51
68.7978   8530.28
68.9715   8513.08
69.1457   8495.91
69.3204   8478.78
69.4954   8461.68
69.6709   8444.62
69.8469   8427.6
70.0233   8410.6
70.2001   8393.64
70.3774   8376.72
70.5552   8359.83
70.7333   8342.97
70.912   8326.15
71.0911   8309.36
71.2706   8292.6
71.4506   8275.88
71.631   8259.19
71.812   8242.54
71.9933   8225.92
72.1751   8209.33
72.3574   8192.78
72.5401   8176.26
72.7233   8159.77
72.907   8143.32
73.0911   8126.9
73.2757   8110.51
73.4608   8094.16
73.6463   8077.84
73.8323   8061.55
74.0188   8045.29
74.2057   8029.07
74.3931   8012.88
74.581   7996.72
74.7693   7980.6
74.9582   7964.5
75.1475   7948.44
75.3373   7932.42
75.5275   7916.42
75.7183   7900.46
75.9095   7884.53
76.1012   7868.63
76.2934   7852.76
76.4861   7836.93
76.6792   7821.12
76.8729   7805.35
77.067   7789.61
77.2617   7773.91
77.4568   7758.23
77.6524   7742.59
77.8485   7726.97
78.0451   7711.39
78.2422   7695.84
78.4398   7680.33
78.6379   7664.84
78.8365   7649.38
79.0356   7633.96
79.2352   7618.56
79.4353   7603.2
79.6359   7587.87
79.8371   7572.57
80.0387   7557.3
80.2408   7542.06
80.4435   7526.85
80.6466   7511.67
80.8503   7496.53
81.0545   7481.41
81.2592   7466.32
81.4644   7451.27
81.6702   7436.24
81.8764   7421.25
82.0832   7406.28
82.2905   7391.35
82.4983   7376.44
82.7067   7361.57
82.9155   7346.72
83.1249   7331.91
83.3349   7317.12
83.5453   7302.37
83.7563   7287.64
83.9679   7272.95
84.1799   7258.28
84.3925   7243.64
84.6056   7229.04
84.8193   7214.46
85.0335   7199.91
85.2483   7185.39
85.4636   7170.9
85.6794   7156.44
85.8958   7142.01
86.1127   7127.61
86.3302   7113.24
86.5482   7098.89
86.7668   7084.58
86.9859   7070.29
87.2056   7056.03
87.4258   7041.81
87.6466   7027.61
87.868   7013.43
88.0899   6999.29
88.3124   6985.18
88.5354   6971.09
88.759   6957.03
88.9832   6943
89.2079   6929
89.4332   6915.03
89.659   6901.08
89.8855   6887.17
90.1125   6873.28
90.3401   6859.42
90.5682   6845.59
90.7969   6831.78
91.0262   6818.01
91.2561   6804.26
91.4866   6790.54
91.7176   6776.84
91.9493   6763.18
92.1815   6749.54
92.4143   6735.93
92.6477   6722.34
92.8817   6708.79
93.1162   6695.26
93.3514   6681.76
93.5872   6668.28
93.8235   6654.83
94.0605   6641.41
94.298   6628.02
94.5362   6614.65
94.7749   6601.32
95.0143   6588
95.2542   6574.72
95.4948   6561.46
95.736   6548.23
95.9777   6535.02
96.2201   6521.84
96.4631   6508.69
96.7068   6495.57
96.951   6482.47
97.1958   6469.39
97.4413   6456.35
97.6874   6443.33
97.9341   6430.33
98.1814   6417.37
98.4294   6404.42
98.678   6391.51
98.9272   6378.62
99.177   6365.76
99.4275   6352.92
99.6786   6340.11
99.9303   6327.32
100.183   6314.56
100.436   6301.83
100.689   6289.12
100.944   6276.44
101.199   6263.78
101.454   6251.15
101.71   6238.54
101.967   6225.96
102.225   6213.4
102.483   6200.87
102.742   6188.37
103.001   6175.89
103.261   6163.43
103.522   6151
103.784   6138.6
104.046   6126.22
104.308   6113.86
104.572   6101.53
104.836   6089.23
105.101   6076.95
105.366   6064.69
105.632   6052.46
105.899   6040.26
106.166   6028.08
106.435   6015.92
106.703   6003.79
106.973   5991.68
107.243   5979.6
107.514   5967.54
107.785   5955.5
108.058   5943.49
108.331   5931.5
108.604   5919.54
108.878   5907.6
109.153   5895.69
109.429   5883.8
109.705   5871.93
109.982   5860.09
110.26   5848.27
110.539   5836.48
110.818   5824.71
111.098   5812.96
111.378   5801.24
111.66   5789.54
111.942   5777.86
112.224   5766.21
112.508   5754.58
112.792   5742.98
113.077   5731.39
113.362   5719.83
113.649   5708.3
113.936   5696.79
114.223   5685.3
114.512   5673.83
114.801   5662.39
115.091   5650.97
115.382   5639.57
115.673   5628.2
115.965   5616.85
116.258   5605.52
116.552   5594.21
116.846   5582.93
117.141   5571.67
117.437   5560.44
117.733   5549.22
118.031   5538.03
118.329   5526.86
118.628   5515.71
118.927   5504.59
119.228   5493.49
119.529   5482.41
119.831   5471.35
120.133   5460.32
120.437   5449.3
120.741   5438.31
121.046   5427.35
121.351   5416.4
121.658   5405.48
121.965   5394.57
122.273   5383.69
122.582   5372.84
122.892   5362
123.202   5351.19
123.513   5340.39
123.825   5329.62
124.138   5318.87
124.451   5308.15
124.766   5297.44
125.081   5286.76
125.397   5276.09
125.713   5265.45
126.031   5254.83
126.349   5244.23
126.668   5233.66
126.988   5223.1
127.309   5212.57
127.63   5202.05
127.953   5191.56
128.276   5181.09
128.6   5170.64
128.924   5160.21
129.25   5149.81
129.576   5139.42
129.904   5129.05
130.232   5118.71
130.561   5108.38
130.89   5098.08
131.221   5087.8
131.552   5077.54
131.885   5067.3
132.218   5057.08
132.552   5046.88
132.886   5036.7
133.222   5026.54
133.558   5016.4
133.896   5006.28
134.234   4996.19
134.573   4986.11
134.913   4976.05
135.253   4966.02
135.595   4956
135.937   4946
136.281   4936.03
136.625   4926.07
136.97   4916.14
137.316   4906.22
137.663   4896.32
138.01   4886.45
138.359   4876.59
138.708   4866.76
139.059   4856.94
139.41   4847.14
139.762   4837.37
140.115   4827.61
140.469   4817.87
140.823   4808.16
141.179   4798.46
141.536   4788.78
141.893   4779.12
142.251   4769.48
142.611   4759.86
142.971   4750.26
143.332   4740.68
143.694   4731.12
144.057   4721.57
144.421   4712.05
144.785   4702.55
145.151   4693.06
145.518   4683.6
145.885   4674.15
146.254   4664.72
146.623   4655.31
146.993   4645.92
147.364   4636.55
147.737   4627.2
148.11   4617.86
148.484   4608.55
148.859   4599.25
149.235   4589.98
149.612   4580.72
149.989   4571.48
150.368   4562.26
150.748   4553.06
151.129   4543.87
151.51   4534.71
151.893   4525.56
152.277   4516.43
152.661   4507.32
153.047   4498.23
153.433   4489.16
153.821   4480.1
154.209   4471.06
154.599   4462.05
154.989   4453.05
155.381   4444.06
155.773   4435.1
156.166   4426.15
156.561   4417.22
156.956   4408.31
157.353   4399.42
157.75   4390.55
158.148   4381.69
158.548   4372.85
158.948   4364.03
159.35   4355.23
159.752   4346.44
160.155   4337.68
160.56   4328.93
160.965   4320.2
161.372   4311.48
161.779   4302.78
162.188   4294.1
162.598   4285.44
163.008   4276.8
163.42   4268.17
163.833   4259.56
164.246   4250.97
164.661   4242.39
165.077   4233.84
165.494   4225.3
165.912   4216.77
166.331   4208.27
166.751   4199.78
167.172   4191.31
167.594   4182.85
168.018   4174.41
168.442   4165.99
168.867   4157.59
169.294   4149.2
169.721   4140.83
170.15   4132.48
170.58   4124.14
171.01   4115.82
171.442   4107.52
171.875   4099.23
172.309   4090.97
172.745   4082.71
173.181   4074.48
173.618   4066.26
174.057   4058.06
174.496   4049.87
174.937   4041.7
175.379   4033.55
175.822   4025.41
176.266   4017.29
176.711   4009.18
177.157   4001.1
177.605   3993.03
178.053   3984.97
178.503   3976.93
178.954   3968.91
179.405   3960.9
179.859   3952.91
180.313   3944.94
180.768   3936.98
181.225   3929.04
181.682   3921.11
182.141   3913.2
182.601   3905.31
183.062   3897.43
183.525   3889.57
183.988   3881.72
184.453   3873.89
184.919   3866.07
185.386   3858.27
185.854   3850.49
186.323   3842.72
186.794   3834.97
187.266   3827.23
187.739   3819.51
188.213   3811.81
188.688   3804.12
189.165   3796.44
189.642   3788.78
190.121   3781.14
190.601   3773.51
191.083   3765.9
191.565   3758.3
192.049   3750.72
192.534   3743.15
193.02   3735.6
193.508   3728.07
193.996   3720.54
194.486   3713.04
194.978   3705.55
195.47   3698.07
195.964   3690.61
196.459   3683.17
196.955   3675.73
197.452   3668.32
197.951   3660.92
198.451   3653.53
198.952   3646.16
199.454   3638.81
199.958   3631.46
200.463   3624.14
200.969   3616.83
201.477   3609.53
201.986   3602.25
202.496   3594.98
203.007   3587.73
203.52   3580.49
204.034   3573.26
204.549   3566.06
205.066   3558.86
205.584   3551.68
206.103   3544.51
206.623   3537.36
207.145   3530.23
207.668   3523.1
208.193   3516
208.719   3508.9
209.246   3501.82
209.774   3494.76
210.304   3487.71
210.835   3480.67
211.368   3473.65
211.901   3466.64
212.437   3459.65
212.973   3452.67
213.511   3445.7
214.05   3438.75
214.591   3431.81
215.133   3424.88
215.676   3417.97
216.221   3411.08
216.767   3404.2
217.314   3397.33
217.863   3390.47
218.413   3383.63
218.965   3376.81
219.518   3369.99
220.072   3363.19
220.628   3356.41
221.185   3349.63
221.744   3342.88
222.304   3336.13
222.865   3329.4
223.428   3322.68
223.992   3315.98
224.558   3309.29
225.125   3302.61
225.694   3295.95
226.264   3289.3
226.835   3282.66
227.408   3276.04
227.982   3269.43
228.558   3262.83
229.135   3256.25
229.714   3249.68
230.294   3243.12
230.876   3236.57
231.459   3230.04
232.043   3223.53
232.629   3217.02
233.217   3210.53
233.806   3204.05
234.396   3197.59
234.988   3191.14
235.582   3184.7
236.177   3178.27
236.773   3171.86
237.371   3165.46
237.971   3159.07
238.572   3152.7
239.174   3146.33
239.778   3139.99
240.384   3133.65
240.991   3127.33
241.599   3121.02
242.21   3114.72
242.821   3108.43
243.434   3102.16
244.049   3095.9
244.666   3089.65
245.284   3083.42
245.903   3077.2
246.524   3070.99
247.147   3064.79
247.771   3058.61
248.396   3052.44
249.024   3046.28
249.653   3040.13
250.283   3033.99
250.915   3027.87
251.549   3021.76
252.184   3015.66
252.821   3009.58
253.46   3003.51
254.1   2997.44
254.742   2991.4
255.385   2985.36
256.03   2979.34
256.676   2973.32
257.325   2967.32
257.975   2961.33
258.626   2955.36
259.279   2949.39
259.934   2943.44
260.59   2937.5
261.249   2931.58
261.908   2925.66
262.57   2919.76
263.233   2913.86
263.898   2907.98
264.564   2902.11
265.232   2896.26
265.902   2890.41
266.574   2884.58
267.247   2878.76
267.922   2872.95
268.599   2867.15
269.277   2861.37
269.957   2855.59
270.639   2849.83
271.322   2844.08
272.007   2838.34
272.694   2832.61
273.383   2826.89
274.073   2821.19
274.766   2815.49
275.46   2809.81
276.155   2804.14
276.853   2798.48
277.552   2792.84
278.253   2787.2
278.956   2781.57
279.66   2775.96
280.366   2770.36
281.074   2764.77
281.784   2759.19
282.496   2753.62
283.209   2748.06
283.925   2742.52
284.642   2736.98
285.36   2731.46
286.081   2725.94
286.804   2720.44
287.528   2714.95
288.254   2709.47
288.982   2704
289.712   2698.55
290.444   2693.1
291.177   2687.67
291.912   2682.24
292.65   2676.83
293.389   2671.42
294.13   2666.03
294.873   2660.65
295.617   2655.28
296.364   2649.92
297.112   2644.57
297.863   2639.24
298.615   2633.91
299.369   2628.59
300.125   2623.29
300.883   2617.99
301.643   2612.71
302.405   2607.44
303.168   2602.17
303.934   2596.92
304.702   2591.68
305.471   2586.45
306.243   2581.23
307.016   2576.02
307.791   2570.82
308.569   2565.63
309.348   2560.45
310.129   2555.28
310.913   2550.13
311.698   2544.98
312.485   2539.84
313.274   2534.72
314.065   2529.6
314.858   2524.49
315.654   2519.4
316.451   2514.31
317.25   2509.24
318.051   2504.17
318.854   2499.12
319.66   2494.07
320.467   2489.04
321.276   2484.02
322.088   2479
322.901   2474
323.717   2469
324.534   2464.02
325.354   2459.05
326.175   2454.08
326.999   2449.13
327.825   2444.19
328.653   2439.25
329.483   2434.33
330.315   2429.41
331.149   2424.51
331.986   2419.62
332.824   2414.73
333.665   2409.86
334.507   2404.99
335.352   2400.14
336.199   2395.29
337.048   2390.46
337.899   2385.63
338.753   2380.82
339.608   2376.01
340.466   2371.21
341.326   2366.43
342.188   2361.65
343.052   2356.88
343.918   2352.12
344.787   2347.38
345.658   2342.64
346.531   2337.91
347.406   2333.19
348.283   2328.48
349.163   2323.78
350.044   2319.09
350.928   2314.41
351.815   2309.73
352.703   2305.07
353.594   2300.42
354.487   2295.77
355.382   2291.14
356.28   2286.51
357.18   2281.9
358.082   2277.29
358.986   2272.69
359.893   2268.11
360.801   2263.53
361.713   2258.96
362.626   2254.4
363.542   2249.84
364.46   2245.3
365.381   2240.77
366.303   2236.25
367.228   2231.73
368.156   2227.23
369.086   2222.73
370.018   2218.24
370.952   2213.76
371.889   2209.29
372.828   2204.83
373.77   2200.38
374.714   2195.94
375.66   2191.51
376.609   2187.08
377.56   2182.67
378.513   2178.26
379.469   2173.86
380.428   2169.47
381.388   2165.09
382.352   2160.72
383.317   2156.36
384.285   2152
385.256   2147.66
386.229   2143.32
387.204   2139
388.182   2134.68
389.163   2130.37
390.145   2126.06
391.131   2121.77
392.118   2117.49
393.109   2113.21
394.102   2108.95
395.097   2104.69
396.095   2100.44
397.095   2096.2
398.098   2091.96
399.103   2087.74
400.111   2083.52
401.122   2079.32
402.135   2075.12
403.15   2070.93
404.168   2066.75
405.189   2062.57
406.212   2058.41
407.238   2054.25
408.267   2050.11
409.298   2045.97
410.332   2041.83
411.368   2037.71
412.407   2033.6
413.448   2029.49
414.492   2025.39
415.539   2021.3
416.589   2017.22
417.641   2013.15
418.695   2009.08
419.753   2005.03
420.813   2000.98
421.876   1996.94
422.941   1992.9
424.009   1988.88
425.08   1984.86
426.154   1980.85
427.23   1976.85
428.309   1972.86
429.391   1968.88
430.475   1964.9
431.562   1960.93
432.652   1956.97
433.745   1953.02
434.84   1949.08
435.938   1945.14
437.039   1941.21
438.143   1937.29
439.25   1933.38
440.359   1929.48
441.471   1925.58
442.586   1921.69
443.704   1917.81
444.824   1913.94
445.948   1910.07
447.074   1906.21
448.203   1902.36
449.335   1898.52
450.47   1894.69
451.607   1890.86
452.748   1887.04
453.891   1883.23
455.038   1879.43
456.187   1875.63
457.339   1871.84
458.494   1868.06
459.652   1864.29
460.813   1860.53
461.976   1856.77
463.143   1853.02
464.313   1849.28
465.485   1845.54
466.661   1841.81
467.84   1838.09
469.021   1834.38
470.206   1830.68
471.393   1826.98
472.584   1823.29
473.777   1819.61
474.974   1815.93
476.173   1812.26
477.376   1808.6
478.581   1804.95
479.79   1801.3
481.002   1797.67
482.216   1794.03
483.434   1790.41
484.655   1786.79
485.879   1783.18
487.106   1779.58
488.336   1775.99
489.57   1772.4
490.806   1768.82
492.046   1765.25
493.288   1761.68
494.534   1758.12
495.783   1754.57
497.035   1751.03
498.29   1747.49
499.549   1743.96
500.81   1740.44
502.075   1736.92
503.343   1733.41
504.614   1729.91
505.889   1726.42
507.166   1722.93
508.447   1719.45
509.731   1715.98
511.019   1712.51
512.309   1709.05
513.603   1705.6
514.9   1702.15
516.201   1698.71
517.504   1695.28
518.811   1691.86
520.121   1688.44
521.435   1685.03
522.752   1681.63
524.072   1678.23
525.396   1674.84
526.723   1671.45
528.053   1668.08
529.386   1664.71
530.723   1661.34
532.064   1657.99
533.407   1654.64
534.754   1651.3
536.105   1647.96
537.459   1644.63
538.816   1641.31
540.177   1637.99
541.541   1634.68
542.909   1631.38
544.28   1628.08
545.655   1624.79
547.033   1621.51
548.414   1618.23
549.799   1614.97
551.188   1611.7
552.58   1608.45
553.975   1605.2
555.374   1601.95
556.777   1598.72
558.183   1595.49
559.593   1592.26
561.006   1589.05
562.423   1585.83
563.843   1582.63
565.267   1579.43
566.695   1576.24
568.126   1573.06
569.561   1569.88
570.999   1566.71
572.441   1563.54
573.887   1560.38
575.336   1557.23
576.789   1554.08
578.246   1550.94
579.706   1547.81
581.17   1544.68
582.638   1541.56
584.11   1538.44
585.585   1535.33
587.064   1532.23
588.546   1529.14
590.033   1526.05
591.523   1522.96
593.017   1519.88
594.514   1516.81
596.016   1513.75
597.521   1510.69
599.03   1507.64
600.543   1504.59
602.059   1501.55
603.58   1498.51
605.104   1495.49
606.632   1492.46
608.165   1489.45
609.7   1486.44
611.24   1483.43
612.784   1480.44
614.331   1477.44
615.883   1474.46
617.438   1471.48
618.998   1468.5
620.561   1465.54
622.128   1462.57
623.699   1459.62
625.275   1456.67
626.854   1453.72
628.437   1450.79
630.024   1447.85
631.615   1444.93
633.21   1442.01
634.809   1439.09
636.413   1436.18
638.02   1433.28
639.631   1430.38
641.246   1427.49
642.866   1424.61
644.489   1421.73
646.117   1418.86
647.749   1415.99
649.385   1413.13
651.025   1410.27
652.669   1407.42
654.317   1404.57
655.97   1401.73
657.626   1398.9
659.287   1396.07
660.952   1393.25
662.621   1390.44
664.295   1387.62
665.973   1384.82
667.654   1382.02
669.341   1379.23
671.031   1376.44
672.726   1373.66
674.425   1370.88
676.128   1368.11
677.836   1365.34
679.547   1362.58
681.264   1359.83
682.984   1357.08
684.709   1354.34
686.438   1351.6
688.172   1348.87
689.91   1346.14
691.652   1343.42
693.399   1340.7
695.15   1337.99
696.906   1335.29
698.666   1332.59
700.43   1329.89
702.199   1327.2
703.972   1324.52
705.75   1321.84
707.533   1319.17
709.32   1316.5
711.111   1313.84
712.907   1311.19
714.707   1308.53
716.512   1305.89
718.322   1303.25
720.136   1300.61
721.955   1297.98
723.778   1295.36
725.606   1292.74
727.438   1290.13
729.276   1287.52
731.117   1284.91
732.964   1282.32
734.815   1279.72
736.671   1277.14
738.531   1274.55
740.396   1271.98
742.266   1269.41
744.141   1266.84
746.02   1264.28
747.904   1261.72
749.793   1259.17
751.686   1256.62
753.585   1254.08
755.488   1251.55
757.396   1249.01
759.309   1246.49
761.226   1243.97
763.149   1241.45
765.076   1238.94
767.008   1236.44
768.945   1233.94
770.887   1231.44
772.834   1228.95
774.786   1226.47
776.743   1223.99
778.704   1221.51
780.671   1219.04
782.643   1216.57
784.619   1214.11
786.601   1211.66
788.587   1209.21
790.579   1206.76
792.575   1204.32
794.577   1201.89
796.584   1199.46
798.596   1197.03
800.612   1194.61
802.634   1192.19
804.661   1189.78
806.694   1187.37
808.731   1184.97
810.773   1182.58
812.821   1180.18
814.874   1177.8
816.932   1175.41
818.995   1173.04
821.063   1170.66
823.137   1168.3
825.216   1165.93
827.3   1163.58
829.389   1161.22
831.484   1158.87
833.584   1156.53
835.689   1154.19
837.799   1151.85
839.915   1149.52
842.036   1147.2
844.163   1144.88
846.295   1142.56
848.432   1140.25
850.575   1137.94
852.723   1135.64
854.876   1133.35
857.035   1131.05
859.2   1128.76
861.37   1126.48
863.545   1124.2
865.726   1121.93
867.912   1119.66
870.104   1117.39
872.302   1115.13
874.505   1112.88
876.713   1110.62
878.927   1108.38
881.147   1106.13
883.372   1103.9
885.603   1101.66
887.84   1099.43
890.082   1097.21
892.33   1094.99
894.584   1092.77
896.843   1090.56
899.108   1088.36
901.379   1086.15
903.655   1083.96
905.937   1081.76
908.225   1079.57
910.519   1077.39
912.818   1075.21
915.124   1073.03
917.435   1070.86
919.752   1068.7
922.075   1066.53
924.403   1064.38
926.738   1062.22
929.078   1060.07
931.425   1057.93
933.777   1055.79
936.135   1053.65
938.5   1051.52
940.87   1049.39
943.246   1047.27
945.628   1045.15
948.016   1043.03
950.41   1040.92
952.811   1038.81
955.217   1036.71
957.629   1034.61
960.048   1032.52
962.472   1030.43
964.903   1028.34
967.34   1026.26
969.783   1024.19
972.232   1022.11
974.688   1020.04
977.149   1017.98
979.617   1015.92
982.091   1013.86
984.571   1011.81
987.058   1009.76
989.55   1007.72
992.05   1005.68
994.555   1003.64
997.067   1001.61
999.585   999.585
1002.11   997.561
1004.64   995.542
1007.18   993.527
1009.72   991.516
1012.27   989.509
1014.83   987.506
1017.39   985.507
1019.96   983.512
1022.54   981.521
1025.12   979.534
1027.71   977.551
1030.3   975.572
1032.9   973.597
1035.51   971.625
1038.13   969.658
1040.75   967.695
1043.38   965.736
1046.01   963.781
1048.66   961.83
1051.3   959.882
1053.96   957.939
1056.62   955.999
1059.29   954.064
1061.96   952.132
1064.65   950.204
1067.33   948.28
1070.03   946.36
1072.73   944.444
1075.44   942.532
1078.16   940.623
1080.88   938.719
1083.61   936.818
1086.35   934.921
1089.09   933.028
1091.84   931.138
1094.6   929.253
1097.36   927.371
1100.13   925.493
1102.91   923.619
1105.7   921.749
1108.49   919.882
1111.29   918.019
1114.1   916.16
1116.91   914.305
1119.73   912.453
1122.56   910.605
1125.39   908.761
1128.24   906.92
1131.09   905.084
1133.94   903.25
1136.81   901.421
1139.68   899.595
1142.56   897.773
1145.44   895.955
1148.33   894.14
1151.23   892.329
1154.14   890.522
1157.06   888.718
1159.98   886.918
1162.91   885.121
1165.84   883.329
1168.79   881.539
1171.74   879.754
1174.7   877.972
1177.67   876.193
1180.64   874.418
1183.62   872.647
1186.61   870.879
1189.61   869.115
1192.61   867.354
1195.62   865.597
1198.64   863.843
1201.67   862.093
1204.71   860.347
1207.75   858.604
1210.8   856.864
1213.86   855.128
1216.92   853.396
1220   851.667
1223.08   849.941
1226.17   848.219
1229.26   846.501
1232.37   844.786
1235.48   843.074
1238.6   841.366
1241.73   839.661
1244.86   837.96
1248.01   836.262
1251.16   834.567
1254.32   832.876
1257.49   831.188
1260.66   829.504
1263.85   827.823
1267.04   826.146
1270.24   824.471
1273.45   822.801
1276.66   821.133
1279.89   819.469
1283.12   817.808
1286.36   816.151
1289.61   814.497
1292.86   812.846
1296.13   811.199
1299.4   809.555
1302.68   807.914
1305.97   806.277
1309.27   804.643
1312.58   803.012
1315.89   801.384
1319.22   799.76
1322.55   798.139
1325.89   796.521
1329.24   794.907
1332.59   793.295
1335.96   791.687
1339.33   790.083
1342.72   788.481
1346.11   786.883
1349.51   785.288
1352.92   783.696
1356.33   782.107
1359.76   780.521
1363.19   778.939
1366.63   777.36
1370.09   775.784
1373.55   774.211
1377.01   772.642
1380.49   771.075
1383.98   769.512
1387.47   767.952
1390.98   766.395
1394.49   764.841
1398.01   763.29
1401.54   761.743
1405.08   760.198
1408.63   758.657
1412.19   757.118
1415.76   755.583
1419.33   754.051
1422.92   752.522
1426.51   750.996
1430.11   749.473
1433.72   747.954
1437.34   746.437
1440.97   744.923
1444.61   743.413
1448.26   741.905
1451.92   740.4
1455.59   738.899
1459.26   737.4
1462.95   735.905
1466.64   734.412
1470.35   732.923
1474.06   731.436
1477.78   729.953
1481.51   728.472
1485.26   726.995
1489.01   725.52
1492.77   724.049
1496.54   722.58
1500.32   721.114
1504.11   719.652
1507.9   718.192
1511.71   716.735
1515.53   715.281
1519.36   713.83
1523.2   712.382
1527.04   710.937
1530.9   709.495
1534.76   708.055
1538.64   706.619
1542.53   705.185
1546.42   703.755
1550.33   702.327
1554.24   700.902
1558.17   699.48
1562.1   698.061
1566.05   696.644
1570   695.231
1573.97   693.82
1577.94   692.413
1581.93   691.008
1585.92   689.606
1589.93   688.206
1593.94   686.81
1597.97   685.416
1602.01   684.025
1606.05   682.637
1610.11   681.252
1614.17   679.869
1618.25   678.49
1622.34   677.113
1626.43   675.739
1630.54   674.367
1634.66   672.999
1638.79   671.633
1642.93   670.27
1647.08   668.909
1651.24   667.551
1655.41   666.197
1659.59   664.844
1663.78   663.495
1667.98   662.148
1672.19   660.804
1676.42   659.463
1680.65   658.124
1684.89   656.788
1689.15   655.455
1693.41   654.124
1697.69   652.796
1701.98   651.471
1706.28   650.149
1710.59   648.829
1714.91   647.512
1719.24   646.197
1723.58   644.885
1727.93   643.576
1732.3   642.269
1736.67   640.965
1741.06   639.664
1745.45   638.365
1749.86   637.069
1754.28   635.775
1758.71   634.484
1763.15   633.196
1767.61   631.91
1772.07   630.627
1776.55   629.346
1781.03   628.068
1785.53   626.793
1790.04   625.52
1794.56   624.249
1799.09   622.982
1803.64   621.716
1808.19   620.454
1812.76   619.193
1817.34   617.936
1821.93   616.681
1826.53   615.428
1831.14   614.178
1835.76   612.931
1840.4   611.686
1845.05   610.443
1849.71   609.203
1854.38   607.966
1859.06   606.731
1863.76   605.498
1868.46   604.268
1873.18   603.041
1877.91   601.815
1882.66   600.593
1887.41   599.373
1892.18   598.155
1896.96   596.94
1901.75   595.727
1906.55   594.516
1911.37   593.308
1916.19   592.103
1921.03   590.9
1925.88   589.699
1930.75   588.501
1935.62   587.305
1940.51   586.112
1945.41   584.92
1950.33   583.732
1955.25   582.546
1960.19   581.362
1965.14   580.18
1970.1   579.001
1975.08   577.824
1980.07   576.65
1985.07   575.478
1990.08   574.308
1995.11   573.141
2000.14   571.976
2005.2   570.813
2010.26   569.653
2015.34   568.495
2020.43   567.34
2025.53   566.186
2030.64   565.035
2035.77   563.887
2040.91   562.74
2046.07   561.596
2051.24   560.455
2056.42   559.315
2061.61   558.178
2066.82   557.043
2072.04   555.911
2077.27   554.78
2082.51   553.652
2087.77   552.527
2093.05   551.403
2098.33   550.282
2103.63   549.163
2108.94   548.046
2114.27   546.932
2119.61   545.82
2124.96   544.71
2130.33   543.602
2135.71   542.496
2141.1   541.393
2146.51   540.292
2151.93   539.193
2157.37   538.096
2162.82   537.002
2168.28   535.91
2173.75   534.82
2179.24   533.732
2184.75   532.646
2190.26   531.563
2195.8   530.481
2201.34   529.402
2206.9   528.325
2212.47   527.25
2218.06   526.178
2223.66   525.107
2229.28   524.039
2234.91   522.973
2240.55   521.909
2246.21   520.847
2251.89   519.787
2257.57   518.729
2263.27   517.674
2268.99   516.621
2274.72   515.569
2280.46   514.52
2286.22   513.473
2292   512.428
2297.79   511.385
2303.59   510.345
2309.41   509.306
2315.24   508.269
2321.09   507.235
2326.95   506.203
2332.83   505.172
2338.72   504.144
2344.62   503.118
2350.54   502.094
2356.48   501.072
2362.43   500.052
2368.4   499.034
2374.38   498.018
2380.38   497.004
2386.39   495.992
2392.41   494.983
2398.46   493.975
2404.51   492.969
2410.59   491.965
2416.67   490.964
2422.78   489.964
2428.9   488.966
2435.03   487.971
2441.18   486.977
2447.35   485.986
2453.53   484.996
2459.72   484.008
2465.93   483.023
2472.16   482.039
2478.41   481.057
2484.66   480.077
2490.94   479.1
2497.23   478.124
2503.54   477.15
2509.86   476.178
2516.2   475.208
2522.55   474.24
2528.92   473.274
2535.31   472.31
2541.71   471.348
2548.13   470.388
2554.57   469.429
2561.02   468.473
2567.49   467.519
2573.97   466.566
2580.47   465.616
2586.99   464.667
2593.52   463.72
2600.07   462.775
2606.64   461.832
2613.22   460.891
2619.82   459.952
2626.44   459.015
2633.07   458.079
2639.72   457.146
2646.39   456.214
2653.07   455.284
2659.77   454.356
2666.49   453.43
2673.22   452.506
2679.97   451.584
2686.74   450.663
2693.53   449.745
2700.33   448.828
2707.15   447.913
2713.99   447
2720.84   446.089
2727.71   445.179
2734.6   444.272
2741.51   443.366
2748.43   442.462
2755.37   441.56
2762.33   440.659
2769.31   439.761
2776.3   438.864
2783.31   437.969
2790.34   437.076
2797.39   436.185
2804.45   435.295
2811.54   434.408
2818.64   433.522
2825.75   432.638
2832.89   431.755
2840.05   430.875
2847.22   429.996
2854.41   429.119
2861.62   428.243
2868.84   427.37
2876.09   426.498
2883.35   425.628
2890.64   424.76
2897.94   423.893
2905.25   423.028
2912.59   422.165
2919.95   421.304
2927.32   420.444
2934.71   419.586
2942.13   418.73
2949.56   417.876
2957.01   417.023
2964.47   416.172
2971.96   415.323
2979.47   414.475
2986.99   413.629
2994.53   412.785
3002.1   411.943
3009.68   411.102
3017.28   410.263
3024.9   409.425
3032.54   408.59
3040.2   407.756
3047.88   406.923
3055.57   406.092
3063.29   405.263
3071.03   404.436
3078.78   403.61
3086.56   402.786
3094.35   401.964
3102.17   401.143
3110   400.324
3117.86   399.507
3125.73   398.691
3133.62   397.877
3141.54   397.064
3149.47   396.253
3157.43   395.444
3165.4   394.636
3173.39   393.83
3181.41   393.026
3189.44   392.223
3197.5   391.422
3205.57   390.623
3213.67   389.825
3221.78   389.028
3229.92   388.234
3238.08   387.44
3246.26   386.649
3254.45   385.859
3262.67   385.071
3270.91   384.284
3279.17   383.499
3287.46   382.715
3295.76   381.933
3304.08   381.152
3312.43   380.374
3320.79   379.596
3329.18   378.82
3337.59   378.046
3346.01   377.273
3354.47   376.502
3362.94   375.733
3371.43   374.965
3379.94   374.198
3388.48   373.433
3397.04   372.67
3405.62   371.908
3414.22   371.148
3422.84   370.389
3431.49   369.632
3440.15   368.876
3448.84   368.122
3457.55   367.369
3466.28   366.618
3475.04   365.868
3483.81   365.12
3492.61   364.373
3501.43   363.628
3510.27   362.884
3519.14   362.142
3528.03   361.401
3536.94   360.662
3545.87   359.924
3554.82   359.188
3563.8   358.453
3572.8   357.72
3581.82   356.988
3590.87   356.258
3599.94   355.529
3609.03   354.801
3618.15   354.075
3627.28   353.351
3636.44   352.628
3645.63   351.906
3654.83   351.186
3664.06   350.467
3673.32   349.75
3682.6   349.034
3691.9   348.32
3701.22   347.607
3710.57   346.895
3719.94   346.185
3729.33   345.477
3738.75   344.769
3748.19   344.064
3757.66   343.359
3767.15   342.656
3776.66   341.955
3786.2   341.255
3795.76   340.556
3805.35   339.858
3814.96   339.162
3824.59   338.468
3834.25   337.775
3843.94   337.083
3853.64   336.393
3863.38   335.704
3873.13   335.016
3882.92   334.33
3892.72   333.645
3902.55   332.961
3912.41   332.279
3922.29   331.599
3932.19   330.919
3942.13   330.241
3952.08   329.565
3962.06   328.889
3972.07   328.215
3982.1   327.543
3992.16   326.872
4002.24   326.202
4012.35   325.533
4022.48   324.866
4032.64   324.2
4042.82   323.536
4053.03   322.872
4063.27   322.211
4073.53   321.55
4083.82   320.891
4094.13   320.233
4104.47   319.576
4114.84   318.921
4125.23   318.267
4135.65   317.615
4146.09   316.963
4156.56   316.313
4167.06   315.665
4177.58   315.017
4188.13   314.371
4198.71   313.727
4209.32   313.083
4219.95   312.441
4230.6   311.8
4241.29   311.16
4252   310.522
4262.74   309.885
4273.5   309.249
4284.3   308.615
4295.12   307.982
4305.96   307.35
4316.84   306.719
4327.74   306.09
4338.67   305.461
4349.63   304.834
4360.61   304.209
4371.62   303.584
4382.66   302.961
4393.73   302.34
4404.83   301.719
4415.95   301.1
4427.11   300.481
4438.29   299.864
4449.5   299.249
4460.73   298.634
4472   298.021
4483.29   297.409
4494.62   296.799
4505.97   296.189
4517.35   295.581
4528.75   294.974
4540.19   294.368
4551.66   293.763
4563.15   293.16
4574.68   292.558
4586.23   291.957
4597.81   291.357
4609.42   290.758
4621.07   290.161
4632.74   289.565
4644.44   288.97
4656.17   288.376
4667.93   287.783
4679.71   287.192
4691.53   286.602
4703.38   286.013
4715.26   285.425
4727.17   284.838
4739.11   284.253
4751.07   283.668
4763.07   283.085
4775.1   282.503
4787.16   281.923
4799.25   281.343
4811.37   280.764
4823.52   280.187
4835.71   279.611
4847.92   279.036
4860.16   278.462
4872.44   277.889
4884.74   277.318
4897.08   276.747
4909.44   276.178
4921.84   275.61
4934.27   275.043
4946.73   274.477
4959.23   273.913
4971.75   273.349
4984.31   272.787
4996.9   272.225
5009.52   271.665
5022.17   271.106
5034.85   270.548
5047.57   269.991
5060.31   269.436
5073.09   268.881
5085.91   268.328
5098.75   267.775
5111.63   267.224
5124.54   266.674
5137.48   266.125
5150.45   265.577
5163.46   265.03
5176.5   264.484
5189.57   263.94
5202.68   263.396
5215.82   262.853
5228.99   262.312
5242.2   261.772
5255.44   261.233
5268.71   260.694
5282.02   260.157
5295.36   259.621
5308.73   259.087
5322.14   258.553
5335.58   258.02
5349.05   257.488
5362.56   256.958
5376.1   256.428
5389.68   255.9
5403.29   255.372
5416.94   254.846
5430.62   254.32
5444.33   253.796
5458.08   253.273
5471.87   252.751
5485.69   252.23
5499.54   251.71
5513.43   251.191
5527.35   250.673
5541.31   250.156
5555.31   249.64
5569.34   249.125
5583.4   248.611
5597.5   248.098
5611.64   247.586
5625.81   247.076
5640.02   246.566
5654.26   246.057
5668.54   245.55
5682.86   245.043
5697.21   244.537
5711.6   244.033
5726.02   243.529
5740.49   243.026
5754.98   242.525
5769.52   242.024
5784.09   241.524
5798.7   241.026
5813.34   240.528
5828.02   240.032
5842.74   239.536
5857.5   239.041
5872.29   238.548
5887.12   238.055
5901.99   237.564
5916.89   237.073
5931.84   236.583
5946.82   236.094
5961.84   235.607
5976.89   235.12
5991.99   234.634
6007.12   234.149
6022.29   233.666
6037.5   233.183
6052.75   232.701
6068.03   232.22
6083.36   231.74
6098.72   231.261
6114.12   230.783
6129.57   230.306
6145.05   229.83
6160.56   229.355
6176.12   228.881
6191.72   228.407
6207.36   227.935
6223.03   227.464
6238.75   226.993
6254.51   226.524
6270.3   226.055
6286.14   225.588
6302.01   225.121
6317.93   224.655
6333.89   224.19
6349.88   223.727
6365.92   223.264
6382   222.802
6398.11   222.341
6414.27   221.88
6430.47   221.421
6446.71   220.963
6462.99   220.505
6479.31   220.049
6495.68   219.593
6512.08   219.139
6528.53   218.685
6545.02   218.232
6561.55   217.78
6578.12   217.329
6594.73   216.879
6611.38   216.43
6628.08   215.982
6644.82   215.534
6661.6   215.088
6678.43   214.642
6695.29   214.197
6712.2   213.754
6729.15   213.311
6746.15   212.869
6763.18   212.427
6780.26   211.987
6797.39   211.548
6814.56   211.109
6831.77   210.672
6849.02   210.235
6866.32   209.799
6883.66   209.364
6901.04   208.93
6918.47   208.497
6935.94   208.064
6953.46   207.633
6971.02   207.202
6988.63   206.772
7006.27   206.343
7023.97   205.915
7041.71   205.488
7059.49   205.061
7077.32   204.636
7095.19   204.211
7113.11   203.787
7131.08   203.364
7149.09   202.942
7167.14   202.521
7185.24   202.101
7203.39   201.681
7221.58   201.262
7239.82   200.844
7258.1   200.427
7276.43   200.011
7294.81   199.596
7313.23   199.181
7331.7   198.767
7350.22   198.354
7368.78   197.942
7387.39   197.531
7406.05   197.121
7424.75   196.711
7443.5   196.302
7462.3   195.894
7481.15   195.487
7500.04   195.081
7518.98   194.675
7537.97   194.27
7557.01   193.866
7576.09   193.463
7595.23   193.061
7614.41   192.66
7633.64   192.259
7652.92   191.859
7672.24   191.46
7691.62   191.062
7711.05   190.664
7730.52   190.267
7750.04   189.871
7769.62   189.476
7789.24   189.082
7808.91   188.689
7828.63   188.296
7848.4   187.904
7868.22   187.513
7888.09   187.122
7908.02   186.733
7927.99   186.344
7948.01   185.956
7968.08   185.569
7988.21   185.182
8008.38   184.796
8028.6   184.411
8048.88   184.027
8069.21   183.644
8089.59   183.261
8110.02   182.879
8130.5   182.498
8151.03   182.118
8171.62   181.738
8192.26   181.359
8212.94   180.981
8233.69   180.604
8254.48   180.227
8275.33   179.852
8296.23   179.477
8317.18   179.102
8338.18   178.729
8359.24   178.356
8380.35   177.984
8401.52   177.613
8422.74   177.242
8444.01   176.872
8465.33   176.503
8486.71   176.135
8508.14   175.767
8529.63   175.4
8551.17   175.034
8572.77   174.669
8594.42   174.304
8616.12   173.94
8637.88   173.577
8659.7   173.214
8681.57   172.853
8703.49   172.492
8725.48   172.131
8747.51   171.772
8769.6   171.413
8791.75   171.055
8813.95   170.697
8836.21   170.34
8858.53   169.984
8880.9   169.629
8903.33   169.275
8925.82   168.921
8948.36   168.567
8970.96   168.215
8993.61   167.863
9016.33   167.512
9039.1   167.162
9061.92   166.812
9084.81   166.463
9107.75   166.115
9130.76   165.767
9153.82   165.42
9176.93   165.074
9200.11   164.729
9223.34   164.384
9246.64   164.04
9269.99   163.696
9293.4   163.354
9316.87   163.012
9340.4   162.67
9363.99   162.33
9387.64   161.99
9411.35   161.65
9435.12   161.312
9458.94   160.974
9482.83   160.636
9506.78   160.3
9530.79   159.964
9554.86   159.629
9578.99   159.294
9603.18   158.96
9627.44   158.627
9651.75   158.294
9676.13   157.962
9700.56   157.631
9725.06   157.3
9749.62   156.971
9774.24   156.641
9798.93   156.313
9823.68   155.985
9848.49   155.657
9873.36   155.331
9898.29   155.005
9923.29   154.679
9948.35   154.355
9973.48   154.031
9998.66   153.707
10023.9   153.384
10049.2   153.062
10074.6   152.741
10100.1   152.42
10125.6   152.1
10151.1   151.78
10176.8   151.461
10202.5   151.143
10228.2   150.826
10254.1   150.509
10280   150.192
10305.9   149.876
10332   149.561
10358   149.247
10384.2   148.933
10410.4   148.62
10436.7   148.307
10463.1   147.995
10489.5   147.684
10516   147.373
10542.6   147.063
10569.2   146.754
10595.9   146.445
10622.6   146.137
10649.5   145.829
10676.4   145.522
10703.3   145.216
10730.3   144.91
10757.4   144.605
10784.6   144.3
10811.9   143.996
10839.2   143.693
10866.5   143.39
10894   143.088
10921.5   142.786
10949.1   142.485
10976.7   142.185
11004.4   141.885
11032.2   141.586
11060.1   141.288
11088   140.99
11116   140.692
11144.1   140.396
11172.3   140.099
11200.5   139.804
11228.8   139.509
11257.1   139.215
11285.5   138.921
11314   138.628
11342.6   138.335
11371.3   138.043
11400   137.751
11428.8   137.461
11457.6   137.17
11486.6   136.881
11515.6   136.591
11544.7   136.303
11573.8   136.015
11603   135.727
11632.3   135.441
11661.7   135.154
11691.2   134.869
11720.7   134.584
11750.3   134.299
11780   134.015
11809.7   133.732
11839.6   133.449
11869.5   133.166
11899.4   132.885
11929.5   132.604
11959.6   132.323
11989.8   132.043
12020.1   131.764
12050.5   131.485
12080.9   131.206
12111.4   130.928
12142   130.651
12172.6   130.374
12203.4   130.098
12234.2   129.823
12265.1   129.548
12296.1   129.273
12327.1   128.999
12358.3   128.726
12389.5   128.453
12420.8   128.181
12452.1   127.909
12483.6   127.638
12515.1   127.367
12546.7   127.097
12578.4   126.827
12610.2   126.558
12642   126.29
12673.9   126.022
12706   125.754
12738   125.487
12770.2   125.221
12802.5   124.955
12834.8   124.69
12867.2   124.425
12899.7   124.161
12932.3   123.897
12964.9   123.634
12997.7   123.371
13030.5   123.109
13063.4   122.847
13096.4   122.586
13129.5   122.326
13162.6   122.066
13195.9   121.806
13229.2   121.547
13262.6   121.288
13296.1   121.03
13329.7   120.773
13363.4   120.516
13397.1   120.259
13430.9   120.003
13464.9   119.748
13498.9   119.493
13533   119.239
13567.1   118.985
13601.4   118.731
13635.8   118.478
13670.2   118.226
13704.7   117.974
13739.3   117.723
13774   117.472
13808.8   117.221
13843.7   116.972
13878.6   116.722
13913.7   116.473
13948.8   116.225
13984.1   115.977
14019.4   115.73
14054.8   115.483
14090.3   115.236
14125.9   114.99
14161.5   114.745
14197.3   114.5
14233.2   114.255
14269.1   114.011
14305.1   113.768
14341.3   113.525
14377.5   113.282
14413.8   113.04
14450.2   112.799
14486.7   112.558
14523.3   112.317
14560   112.077
14596.7   111.837
14633.6   111.598
14670.6   111.36
14707.6   111.121
14744.7   110.884
14782   110.646
14819.3   110.41
14856.7   110.173
14894.3   109.937
14931.9   109.702
14969.6   109.467
15007.4   109.233
15045.3   108.999
15083.3   108.765
15121.4   108.532
15159.6   108.3
15197.9   108.068
15236.2   107.836
15274.7   107.605
15313.3   107.374
15352   107.144
15390.7   106.914
15429.6   106.685
15468.6   106.456
15507.6   106.227
15546.8   105.999
15586.1   105.772
15625.4   105.545
15664.9   105.318
15704.5   105.092
15744.1   104.866
15783.9   104.641
15823.7   104.416
15863.7   104.192
15903.8   103.968
15943.9   103.744
15984.2   103.521
16024.6   103.299
16065   103.077
16105.6   102.855
16146.3   102.634
16187.1   102.413
16227.9   102.193
16268.9   101.973
16310   101.753
16351.2   101.534
16392.5   101.315
16433.9   101.097
16475.4   100.88
16517   100.662
16558.7   100.445
16600.5   100.229
16642.5   100.013
16684.5   99.7973
16726.6   99.5821
16768.9   99.3674
16811.2   99.1531
16853.7   98.9392
16896.2   98.7257
16938.9   98.5127
16981.7   98.3001
17024.6   98.0879
17067.6   97.8762
17110.7   97.6648
17153.9   97.4539
17197.2   97.2434
17240.7   97.0334
17284.2   96.8237
17327.8   96.6145
17371.6   96.4057
17415.5   96.1973
17459.5   95.9893
17503.6   95.7817
17547.8   95.5745
17592.1   95.3678
17636.5   95.1614
17681   94.9555
17725.7   94.75
17770.5   94.5449
17815.3   94.3402
17860.3   94.1359
17905.4   93.932
17950.7   93.7285
17996   93.5255
18041.4   93.3228
18087   93.1205
18132.7   92.9187
18178.5   92.7172
18224.4   92.5161
18270.4   92.3155
18316.6   92.1152
18362.8   91.9154
18409.2   91.7159
18455.7   91.5168
18502.3   91.3182
18549   91.1199
18595.9   90.922
18642.8   90.7245
18689.9   90.5274
18737.1   90.3307
18784.4   90.1344
18831.9   89.9385
18879.4   89.743
18927.1   89.5478
18974.9   89.3531
19022.8   89.1587
19070.9   88.9648
19119   88.7712
19167.3   88.578
19215.7   88.3852
19264.3   88.1927
19312.9   88.0007
19361.7   87.809
19410.6   87.6177
19459.6   87.4268
19508.7   87.2363
19558   87.0461
19607.4   86.8564
19656.9   86.667
19706.6   86.4779
19756.3   86.2893
19806.2   86.101
19856.3   85.9131
19906.4   85.7256
19956.7   85.5385
20007.1   85.3517
20057.6   85.1653
20108.3   84.9793
20159   84.7936
20210   84.6084
20261   84.4234
20312.2   84.2389
20363.5   84.0547
20414.9   83.8709
20466.4   83.6874
20518.1   83.5043
20570   83.3216
20621.9   83.1393
20674   82.9573
20726.2   82.7756
20778.5   82.5944
20831   82.4134
20883.6   82.2329
20936.4   82.0527
20989.2   81.8729
21042.2   81.6934
21095.4   81.5143
21148.7   81.3355
21202.1   81.1571
21255.6   80.9791
21309.3   80.8014
21363.1   80.624
21417.1   80.447
21471.2   80.2704
21525.4   80.0941
21579.7   79.9182
21634.2   79.7426
21688.9   79.5673
21743.7   79.3924
21798.6   79.2179
21853.6   79.0437
21908.8   78.8699
21964.1   78.6963
22019.6   78.5232
22075.2   78.3504
22131   78.1779
22186.9   78.0058
22242.9   77.834
22299.1   77.6626
22355.4   77.4915
22411.9   77.3207
22468.5   77.1503
22525.2   76.9802
22582.1   76.8104
22639.1   76.641
22696.3   76.472
22753.6   76.3032
22811.1   76.1348
22868.7   75.9668
22926.4   75.799
22984.3   75.6317
23042.4   75.4646
23100.6   75.2979
23158.9   75.1315
23217.4   74.9654
23276   74.7997
23334.8   74.6343
23393.8   74.4692
23452.8   74.3044
23512.1   74.14
23571.4   73.9759
23631   73.8121
23690.7   73.6487
23750.5   73.4856
23810.5   73.3228
23870.6   73.1603
23930.9   72.9982
23991.3   72.8363
24051.9   72.6748
24112.7   72.5136
24173.6   72.3528
24234.6   72.1922
24295.8   72.032
24357.2   71.8721
24418.7   71.7125
24480.3   71.5533
24542.2   71.3943
24604.2   71.2357
24666.3   71.0773
24728.6   70.9193
24791   70.7616
24853.6   70.6043
24916.4   70.4472
24979.3   70.2905
25042.4   70.134
25105.7   69.9779
25169.1   69.8221
25232.6   69.6665
25296.4   69.5113
25360.3   69.3565
25424.3   69.2019
25488.5   69.0476
25552.9   68.8936
25617.4   68.74
25682.1   68.5866
25747   68.4335
25812   68.2808
25877.2   68.1283
25942.5   67.9762
26008   67.8244
26073.7   67.6728
26139.6   67.5216
26205.6   67.3706
26271.8   67.22
26338.1   67.0697
26404.6   66.9196
26471.3   66.7699
26538.2   66.6204
26605.2   66.4713
26672.4   66.3224
26739.8   66.1739
26807.3   66.0256
26875   65.8777
26942.9   65.73
27010.9   65.5826
27079.1   65.4355
27147.5   65.2888
27216.1   65.1423
27284.8   64.996
27353.7   64.8501
27422.8   64.7045
27492   64.5592
27561.5   64.4141
27631.1   64.2694
27700.9   64.1249
27770.8   63.9807
27841   63.8368
27911.3   63.6932
27981.8   63.5499
28052.4   63.4068
28123.3   63.2641
28194.3   63.1216
28265.5   62.9794
28336.9   62.8375
28408.5   62.6959
28480.2   62.5545
28552.1   62.4135
28624.2   62.2727
28696.5   62.1322
28769   61.9919
28841.7   61.852
28914.5   61.7123
28987.5   61.5729
29060.7   61.4338
29134.1   61.295
29207.7   61.1564
29281.5   61.0181
29355.4   60.8801
29429.5   60.7424
29503.9   60.6049
29578.4   60.4677
29653.1   60.3308
29728   60.1942
29803   60.0578
29878.3   59.9217
29953.8   59.7859
30029.4   59.6503
30105.3   59.515
30181.3   59.38
30257.5   59.2453
30333.9   59.1108
30410.5   58.9766
30487.3   58.8426
30564.3   58.7089
30641.5   58.5755
30718.9   58.4423
30796.5   58.3095
30874.3   58.1768
30952.2   58.0445
31030.4   57.9124
31108.8   57.7805
31187.3   57.649
31266.1   57.5176
31345.1   57.3866
31424.2   57.2558
31503.6   57.1253
31583.2   56.995
31662.9   56.865
31742.9   56.7352
31823   56.6057
31903.4   56.4765
31984   56.3475
32064.8   56.2188
32145.7   56.0903
32226.9   55.9621
32308.3   55.8342
32389.9   55.7064
32471.7   55.579
32553.7   55.4518
32635.9   55.3249
32718.4   55.1982
32801   55.0717
32883.8   54.9455
32966.9   54.8196
33050.1   54.6939
33133.6   54.5685
33217.3   54.4433
33301.2   54.3184
33385.3   54.1937
33469.6   54.0692
33554.1   53.945
33638.8   53.8211
33723.8   53.6974
33809   53.5739
33894.4   53.4507
33980   53.3277
34065.8   53.205
34151.8   53.0825
34238.1   52.9603
34324.5   52.8383
34411.2   52.7166
34498.1   52.5951
34585.2   52.4738
34672.6   52.3528
34760.1   52.232
34847.9   52.1115
34935.9   51.9912
35024.2   51.8711
35112.6   51.7513
35201.3   51.6317
35290.2   51.5123
35379.3   51.3932
35468.7   51.2744
35558.3   51.1557
35648.1   51.0373
35738.1   50.9192
35828.3   50.8012
35918.8   50.6835
36009.5   50.5661
36100.5   50.4489
36191.6   50.3319
36283.1   50.2151
36374.7   50.0986
36466.5   49.9823
36558.6   49.8662
36651   49.7504
36743.5   49.6348
36836.3   49.5194
36929.4   49.4042
37022.6   49.2893
37116.1   49.1746
37209.9   49.0602
37303.8   48.946
37398   48.832
37492.5   48.7182
37587.2   48.6046
37682.1   48.4913
37777.3   48.3782
37872.7   48.2653
37968.3   48.1527
38064.2   48.0403
38160.3   47.9281
38256.7   47.8161
38353.3   47.7043
38450.2   47.5928
38547.3   47.4815
38644.7   47.3704
38742.2   47.2595
38840.1   47.1489
38938.2   47.0385
39036.5   46.9283
39135.1   46.8183
39233.9   46.7085
39333   46.599
39432.4   46.4896
39531.9   46.3805
39631.8   46.2716
39731.9   46.1629
39832.2   46.0545
39932.8   45.9462
40033.7   45.8382
40134.8   45.7304
40236.1   45.6228
40337.7   45.5154
40439.6   45.4082
40541.7   45.3013
40644.1   45.1945
40746.8   45.088
40849.7   44.9817
40952.9   44.8755
41056.3   44.7697
41160   44.664
41263.9   44.5585
41368.1   44.4532
41472.6   44.3482
41577.3   44.2433
41682.3   44.1387
41787.6   44.0343
41893.1   43.93
41998.9   43.826
42105   43.7222
42211.4   43.6186
42318   43.5152
42424.8   43.412
42532   43.3091
42639.4   43.2063
42747.1   43.1037
42855   43.0013
42963.3   42.8992
43071.8   42.7972
43180.5   42.6955
43289.6   42.5939
43398.9   42.4926
43508.5   42.3914
43618.4   42.2905
43728.6   42.1897
43839   42.0892
43949.7   41.9888
44060.7   41.8887
44172   41.7888
44283.5   41.689
44395.4   41.5895
44507.5   41.4901
44619.9   41.391
44732.6   41.292
44845.6   41.1933
44958.8   41.0947
45072.4   40.9964
45186.2   40.8982
45300.3   40.8002
45414.7   40.7025
45529.4   40.6049
45644.4   40.5075
45759.7   40.4103
45875.2   40.3133
45991.1   40.2165
46107.2   40.1199
46223.7   40.0235
46340.4   39.9273
46457.4   39.8313
46574.8   39.7354
46692.4   39.6398
46810.3   39.5443
46928.5   39.4491
47047.1   39.354
47165.9   39.2591
47285   39.1644
47404.4   39.0699
47524.1   38.9756
47644.2   38.8815
47764.5   38.7875
47885.1   38.6938
48006   38.6002
48127.3   38.5069
48248.8   38.4137
48370.7   38.3207
48492.8   38.2278
48615.3   38.1352
48738.1   38.0428
48861.2   37.9505
48984.6   37.8584
49108.3   37.7665
49232.3   37.6748
49356.6   37.5833
49481.3   37.492
49606.2   37.4008
49731.5   37.3098
49857.1   37.219
49983   37.1284
50109.3   37.038
50235.8   36.9477
50362.7   36.8577
50489.9   36.7678
50617.4   36.6781
50745.2   36.5885
50873.4   36.4992
51001.9   36.41
51130.7   36.321
51259.8   36.2322
51389.3   36.1436
51519   36.0551
51649.2   35.9668
51779.6   35.8787
51910.4   35.7908
52041.5   35.703
52172.9   35.6155
52304.7   35.5281
52436.7   35.4408
52569.2   35.3538
52701.9   35.2669
52835   35.1802
52968.5   35.0937
53102.2   35.0073
53236.4   34.9211
53370.8   34.8351
53505.6   34.7493
53640.7   34.6636
53776.2   34.5781
53912   34.4928
54048.1   34.4077
54184.6   34.3227
54321.5   34.2379
54458.7   34.1532
54596.2   34.0688
54734.1   33.9845
54872.3   33.9003
55010.9   33.8164
55149.8   33.7326
55289.1   33.649
55428.7   33.5655
55568.7   33.4822
55709.1   33.3991
55849.8   33.3161
55990.8   33.2333
56132.2   33.1507
56274   33.0683
56416.1   32.986
56558.6   32.9039
56701.4   32.8219
56844.6   32.7401
56988.2   32.6585
57132.1   32.577
57276.4   32.4957
57421   32.4146
57566   32.3336
57711.4   32.2528
57857.2   32.1721
58003.3   32.0916
58149.8   32.0113
58296.6   31.9311
58443.9   31.8511
58591.5   31.7713
58739.4   31.6916
58887.8   31.6121
59036.5   31.5327
59185.6   31.4535
59335.1   31.3745
59484.9   31.2956
59635.2   31.2169
59785.8   31.1383
59936.8   31.0599
60088.1   30.9817
60239.9   30.9036
60392   30.8257
60544.5   30.7479
60697.4   30.6703
60850.7   30.5928
61004.4   30.5155
61158.5   30.4384
61312.9   30.3614
61467.8   30.2845
61623   30.2078
61778.6   30.1313
61934.7   30.0549
62091.1   29.9787
62247.9   29.9027
62405.1   29.8267
62562.7   29.751
62720.7   29.6754
62879.1   29.5999
63037.9   29.5246
63197.1   29.4495
63356.7   29.3745
63516.7   29.2996
63677.1   29.2249
63837.9   29.1504
63999.2   29.076
64160.8   29.0018
64322.8   28.9277
64485.3   28.8537
64648.1   28.7799
64811.4   28.7063
64975.1   28.6328
65139.2   28.5595
65303.7   28.4863
65468.6   28.4132
65633.9   28.3403
65799.7   28.2676
65965.9   28.195
66132.5   28.1225
66299.5   28.0502
66466.9   27.978
66634.8   27.906
66803.1   27.8341
66971.8   27.7624
67140.9   27.6908
67310.5   27.6194
67480.5   27.5481
67650.9   27.477
67821.8   27.406
67993   27.3351
68164.8   27.2644
68336.9   27.1938
68509.5   27.1234
68682.5   27.0531
68856   26.983
69029.9   26.913
69204.2   26.8431
69379   26.7734
69554.2   26.7038
69729.8   26.6344
69905.9   26.5651
70082.5   26.496
70259.5   26.427
70436.9   26.3581
70614.8   26.2894
70793.1   26.2208
70971.9   26.1523
71151.2   26.084
71330.9   26.0159
71511   25.9478
71691.6   25.88
71872.7   25.8122
72054.2   25.7446
72236.2   25.6771
72418.6   25.6098
72601.5   25.5426
72784.8   25.4755
72968.6   25.4086
73152.9   25.3418
73337.7   25.2751
73522.9   25.2086
73708.6   25.1422
73894.7   25.076
74081.3   25.0099
74268.4   24.9439
74456   24.8781
74644   24.8124
74832.6   24.7468
75021.5   24.6813
75211   24.616
75401   24.5509
75591.4   24.4858
75782.3   24.4209
75973.7   24.3562
76165.5   24.2915
76357.9   24.227
76550.7   24.1626
76744.1   24.0984
76937.9   24.0343
77132.2   23.9703
77327   23.9065
77522.3   23.8427
77718.1   23.7792
77914.3   23.7157
78111.1   23.6524
78308.4   23.5892
78506.1   23.5261
78704.4   23.4632
78903.2   23.4004
79102.4   23.3377
79302.2   23.2751
79502.5   23.2127
79703.3   23.1504
79904.6   23.0883
80106.4   23.0262
80308.7   22.9643
80511.5   22.9025
80714.8   22.8409
80918.7   22.7794
81123   22.718
81327.9   22.6567
81533.3   22.5956
81739.2   22.5345
81945.6   22.4736
82152.6   22.4129
82360.1   22.3522
82568.1   22.2917
82776.6   22.2313
82985.6   22.171
83195.2   22.1109
83405.3   22.0509
83616   21.991
83827.1   21.9312
84038.8   21.8716
84251.1   21.812
84463.9   21.7526
84677.2   21.6933
84891   21.6342
85105.4   21.5752
85320.3   21.5162
85535.8   21.4575
85751.8   21.3988
85968.4   21.3402
86185.5   21.2818
86403.2   21.2235
86621.4   21.1653
86840.2   21.1073
87059.5   21.0493
87279.3   20.9915
87499.8   20.9338
87720.7   20.8762
87942.3   20.8188
88164.4   20.7614
88387   20.7042
88610.3   20.6471
88834   20.5901
89058.4   20.5332
89283.3   20.4765
89508.8   20.4199
89734.8   20.3633
89961.5   20.3069
90188.7   20.2507
90416.4   20.1945
90644.8   20.1385
90873.7   20.0825
91103.2   20.0267
91333.3   19.971
91563.9   19.9155
91795.2   19.86
92027   19.8047
92259.4   19.7494
92492.4   19.6943
92726   19.6393
92960.2   19.5844
93195   19.5297
93430.3   19.475
93666.3   19.4205
93902.8   19.3661
94140   19.3117
94377.7   19.2575
94616.1   19.2035
94855   19.1495
95094.6   19.0956
95334.8   19.0419
95575.5   18.9883
95816.9   18.9347
96058.9   18.8813
96301.5   18.8281
96544.7   18.7749
96788.5   18.7218
97033   18.6688
97278   18.616
97523.7   18.5633
97770   18.5106
98016.9   18.4581
98264.4   18.4057
98512.6   18.3534
98761.4   18.3013
99010.8   18.2492
99260.9   18.1972
99511.5   18.1454
99762.9   18.0936
100015   18.042
100267   17.9905
100521   17.9391
100774   17.8878
101029   17.8366
101284   17.7855
101540   17.7345
101796   17.6836
102053   17.6329
102311   17.5822
102570   17.5317
102829   17.4812
103088   17.4309
103349   17.3807
103610   17.3305
103871   17.2805
104134   17.2306
104397   17.1808
104660   17.1311
104925   17.0815
105190   17.032
105455   16.9827
105722   16.9334
105989   16.8842
106256   16.8352
106525   16.7862
106794   16.7373
107063   16.6886
107334   16.6399
107605   16.5914
107877   16.543
108149   16.4946
108422   16.4464
108696   16.3983
108970   16.3503
109246   16.3023
109522   16.2545
109798   16.2068
110075   16.1592
110353   16.1117
110632   16.0643
110912   16.017
111192   15.9698
111472   15.9227
111754   15.8757
112036   15.8288
112319   15.782
112603   15.7353
112887   15.6887
113172   15.6422
113458   15.5958
113745   15.5495
114032   15.5033
114320   15.4572
114609   15.4112
114898   15.3653
115188   15.3195
115479   15.2738
115771   15.2282
116063   15.1827
116356   15.1373
116650   15.092
116945   15.0468
117240   15.0017
117536   14.9566
117833   14.9117
118131   14.8669
118429   14.8222
118728   14.7776
119028   14.7331
119328   14.6886
119630   14.6443
119932   14.6001
120235   14.5559
120538   14.5119
120843   14.468
121148   14.4241
121454   14.3804
121761   14.3367
122068   14.2932
122377   14.2497
122686   14.2063
122995   14.1631
123306   14.1199
123618   14.0768
123930   14.0338
124243   13.9909
124556   13.9481
124871   13.9054
125186   13.8628
125503   13.8203
125819   13.7779
126137   13.7355
126456   13.6933
126775   13.6511
127095   13.6091
127416   13.5671
127738   13.5253
128061   13.4835
128384   13.4418
128708   13.4002
129033   13.3587
129359   13.3173
129686   13.276
130014   13.2348
130342   13.1937
130671   13.1527
131001   13.1117
131332   13.0709
131664   13.0301
131996   12.9894
132329   12.9488
132664   12.9083
132999   12.8679
133335   12.8276
133671   12.7874
134009   12.7473
134347   12.7073
134687   12.6673
135027   12.6274
135368   12.5877
135710   12.548
136052   12.5084
136396   12.4689
136740   12.4295
137086   12.3901
137432   12.3509
137779   12.3118
138127   12.2727
138476   12.2337
138826   12.1948
139176   12.156
139528   12.1173
139880   12.0787
140233   12.0402
140587   12.0017
140943   11.9634
141298   11.9251
141655   11.8869
142013   11.8488
142372   11.8108
142731   11.7729
143092   11.735
143453   11.6973
143815   11.6596
144179   11.622
144543   11.5845
144908   11.5471
145274   11.5098
145641   11.4726
146008   11.4354
146377   11.3983
146747   11.3613
147117   11.3244
147489   11.2876
147861   11.2509
148235   11.2142
148609   11.1777
148985   11.1412
149361   11.1048
149738   11.0685
150116   11.0323
150495   10.9961
150875   10.9601
151256   10.9241
151638   10.8882
152021   10.8524
152405   10.8167
152790   10.781
153176   10.7454
153563   10.71
153951   10.6746
154340   10.6393
154729   10.604
155120   10.5689
155512   10.5338
155905   10.4988
156298   10.4639
156693   10.4291
157089   10.3943
157486   10.3597
157883   10.3251
158282   10.2906
158682   10.2562
159082   10.2218
159484   10.1876
159887   10.1534
160291   10.1193
160696   10.0853
161101   10.0514
161508   10.0175
161916   9.98372
162325   9.95002
162735   9.91641
163146   9.88287
163558   9.84941
163971   9.81603
164385   9.78273
164800   9.74951
165217   9.71637
165634   9.6833
166052   9.65032
166472   9.61741
166892   9.58458
167313   9.55183
167736   9.51916
168160   9.48657
168584   9.45405
169010   9.42161
169437   9.38925
169865   9.35697
170294   9.32476
170724   9.29263
171155   9.26058
171587   9.22861
172021   9.19671
172455   9.16489
172891   9.13315
173327   9.10148
173765   9.06989
174204   9.03838
174644   9.00694
175085   8.97558
175527   8.94429
175970   8.91308
176415   8.88195
176860   8.85089
177307   8.8199
177755   8.789
178204   8.75816
178654   8.72741
179105   8.69672
179557   8.66612
180011   8.63559
180465   8.60513
180921   8.57474
181378   8.54444
181836   8.5142
182295   8.48404
182756   8.45396
183217   8.42394
183680   8.39401
184144   8.36414
184609   8.33435
185075   8.30464
185542   8.27499
186011   8.24542
186481   8.21593
186952   8.1865
187424   8.15715
187897   8.12787
188372   8.09867
188848   8.06954
189324   8.04048
189803   8.01149
190282   7.98258
190762   7.95373
191244   7.92496
191727   7.89627
192211   7.86764
192697   7.83909
193184   7.8106
193671   7.78219
194161   7.75385
194651   7.72558
195142   7.69739
195635   7.66926
196129   7.64121
196625   7.61322
197121   7.58531
197619   7.55747
198118   7.5297
198619   7.502
199120   7.47437
199623   7.44681
200127   7.41932
200633   7.3919
201139   7.36455
201647   7.33727
202156   7.31006
202667   7.28292
203179   7.25585
203692   7.22884
204206   7.20191
204722   7.17505
205239   7.14826
205758   7.12153
206277   7.09488
206798   7.06829
207320   7.04177
207844   7.01532
208369   6.98894
208895   6.96263
209423   6.93638
209952   6.91021
210482   6.8841
211013   6.85806
211546   6.83209
212081   6.80619
212616   6.78035
213153   6.75458
213691   6.72888
214231   6.70325
214772   6.67768
215315   6.65218
215858   6.62675
216403   6.60138
216950   6.57609
217498   6.55086
218047   6.52569
218598   6.50059
219150   6.47556
219703   6.4506
220258   6.4257
220814   6.40087
221372   6.3761
221931   6.3514
222492   6.32676
223054   6.3022
223617   6.27769
224182   6.25326
224748   6.22888
225315   6.20458
225884   6.18034
226455   6.15616
227027   6.13205
227600   6.108
228175   6.08402
228751   6.06011
229329   6.03626
229908   6.01247
230489   5.98875
231071   5.96509
231654   5.9415
232239   5.91797
232826   5.8945
233414   5.8711
234003   5.84776
234594   5.82449
235187   5.80128
235781   5.77814
236376   5.75505
236973   5.73204
237572   5.70908
238172   5.68619
238773   5.66336
239376   5.64059
239981   5.61789
240587   5.59525
241195   5.57267
241804   5.55016
242414   5.52771
243027   5.50532
243640   5.48299
244256   5.46073
244872   5.43853
245491   5.41639
246111   5.39431
246732   5.37229
247356   5.35034
247980   5.32845
248607   5.30662
249234   5.28485
249864   5.26314
250495   5.24149
251127   5.21991
251762   5.19838
252397   5.17692
253035   5.15552
253674   5.13418
254315   5.1129
254957   5.09168
255601   5.07052
256246   5.04942
256893   5.02839
257542   5.00741
258193   4.98649
258845   4.96564
259498   4.94484
260154   4.9241
260811   4.90343
261469   4.88281
262130   4.86225
262792   4.84176
263455   4.82132
264121   4.80094
264788   4.78062
265457   4.76036
266127   4.74016
266799   4.72002
267473   4.69994
268148   4.67991
268826   4.65995
269505   4.64004
270185   4.62019
270868   4.6004
271552   4.58067
272237   4.561
272925   4.54139
273614   4.52183
274305   4.50233
274998   4.48289
275692   4.46351
276389   4.44419
277087   4.42492
277787   4.40571
278488   4.38656
279191   4.36747
279896   4.34843
280603   4.32945
281312   4.31053
282022   4.29167
282735   4.27286
283449   4.25411
284165   4.23542
284882   4.21678
285602   4.1982
286323   4.17967
287046   4.16121
287771   4.1428
288498   4.12444
289226   4.10614
289957   4.0879
290689   4.06971
291423   4.05158
292159   4.03351
292897   4.01549
293637   3.99753
294378   3.97962
295122   3.96177
295867   3.94397
296614   3.92623
297363   3.90854
298114   3.89091
298867   3.87333
299622   3.85581

